	150
AG0004_R1	12555053.0
	150
AG0004_R2	12555053.0
	37	42	47	52	57	62	67	72	77	82	87	92	97	102	107	112	117	122	127	132	137	142	147	152	157	162	167	172	177	182	187	192	197	202	207	212	217	222	227	232	237	242	247	251
Arcadia_R1	73.0	27.0	46.0	67.0	85.0	119.0	131.0	186.0	273.0	232.0	326.0	383.0	483.0	506.0	628.0	650.0	826.0	887.0	979.0	1030.0	1154.0	1249.0	1399.0	1513.0	1673.0	1922.0	2133.0	2225.0	2559.0	2826.0	3073.0	3518.0	3835.0	4214.0	4698.0	5254.0	6005.0	6550.0	7216.0	8360.0	9002.0	10327.0	113379.0	1219065.0
	37	42	47	52	57	62	67	72	77	82	87	92	97	102	107	112	117	122	127	132	137	142	147	152	157	162	167	172	177	182	187	192	197	202	207	212	217	222	227	232	237	242	247	251
Arcadia_R2	69.0	26.0	46.0	65.0	84.0	119.0	133.0	181.0	272.0	233.0	326.0	389.0	475.0	501.0	627.0	640.0	815.0	882.0	960.0	1003.0	1148.0	1221.0	1393.0	1520.0	1658.0	1897.0	2101.0	2192.0	2506.0	2753.0	3003.0	3436.0	3735.0	4086.0	4519.0	5069.0	5760.0	6118.0	6863.0	7741.0	8151.0	7904.0	125460.0	1213006.0
	250
B2_R1	7996502.0
	250
B2_R2	286491.0
	300
B71_R1	17374958.0
	300
B71_R2	17374958.0
	151
BF0072_R1	10064793.0
	151
BF0072_R2	10064793.0
	151
BN0019_R1	11867043.0
	151
BN0019_R2	11867043.0
	151
BN0119_R1	6622291.0
	151
BN0119_R2	6622291.0
	151
BN0123_R1	7919624.0
	151
BN0123_R2	7919624.0
	151
BN0202_R1	8606161.0
	151
BN0202_R2	8606161.0
	151
BN0252_R1	10841812.0
	151
BN0252_R2	10841812.0
	37	42	47	52	57	62	67	72	77	82	87	92	97	102	107	112	117	122	127	132	137	142	147	152	157	162	167	172	177	182	187	192	197	202	207	212	217	222	227	232	237	242	247	251
Bd8401_R1	261.0	432.0	563.0	719.0	835.0	900.0	1067.0	1150.0	1187.0	1345.0	1386.0	1566.0	1638.0	1859.0	1863.0	2199.0	2273.0	2564.0	2547.0	3013.0	3189.0	3661.0	3708.0	4260.0	4426.0	4910.0	5390.0	5816.0	6298.0	6883.0	7410.0	7998.0	8729.0	9086.0	9829.0	10776.0	11567.0	12277.0	13223.0	13874.0	14903.0	15834.0	181517.0	1890866.0
	37	42	47	52	57	62	67	72	77	82	87	92	97	102	107	112	117	122	127	132	137	142	147	152	157	162	167	172	177	182	187	192	197	202	207	212	217	222	227	232	237	242	247	251
Bd8401_R2	294.0	430.0	565.0	716.0	832.0	898.0	1065.0	1144.0	1186.0	1339.0	1379.0	1563.0	1627.0	1842.0	1843.0	2174.0	2252.0	2554.0	2525.0	2966.0	3150.0	3613.0	3644.0	4209.0	4344.0	4831.0	5287.0	5694.0	6112.0	6668.0	7160.0	7728.0	8378.0	8699.0	9405.0	10193.0	10877.0	11527.0	12248.0	12741.0	13726.0	14373.0	164878.0	1917118.0
	12	17	22	27	32	37	42	47	52	57	62	67	72	77	82	87	92	97	102	107	112	117	122	127	132	137	142	147	152	157	162	167	172	177	182	187	192	197	202	207	212	217	222	227	232	237	242	247	251
BdBar_R1	67.0	3816.0	16790.0	20107.0	27376.0	34416.0	39701.0	42612.0	45724.0	52191.0	59062.0	66910.0	74167.0	81420.0	88728.0	95661.0	104807.0	111425.0	121683.0	127929.0	139549.0	146607.0	158004.0	163634.0	174443.0	179328.0	187366.0	193412.0	199741.0	203891.0	208832.0	210208.0	211294.0	210934.0	212021.0	210540.0	208358.0	207725.0	205484.0	197748.0	191565.0	186358.0	179034.0	174994.0	181913.0	195855.0	395921.0	586793.0	1867937.0
	12	17	22	27	32	37	42	47	52	57	62	67	72	77	82	87	92	97	102	107	112	117	122	127	132	137	142	147	152	157	162	167	172	177	182	187	192	197	202	207	212	217	222	227	232	237	242
BdBar_R2	504.0	38163.0	128441.0	99888.0	101901.0	105798.0	97359.0	93198.0	92024.0	93374.0	95591.0	100878.0	108498.0	115754.0	123441.0	139826.0	142697.0	147313.0	155752.0	158870.0	169117.0	178431.0	190093.0	196821.0	206246.0	209507.0	216504.0	218938.0	222667.0	222652.0	224412.0	224736.0	223787.0	224021.0	224009.0	220884.0	215735.0	212345.0	208438.0	210764.0	249344.0	234599.0	378701.0	483176.0	624297.0	484866.0	189721.0
	37	42	47	52	57	62	67	72	77	82	87	92	97	102	107	112	117	122	127	132	137	142	147	152	157	162	167	172	177	182	187	192	197	202	207	212	217	222	227	232	237	242	247	251
Bm88324_R1	261.0	364.0	550.0	657.0	820.0	856.0	908.0	1008.0	1006.0	998.0	1126.0	1142.0	1220.0	1298.0	1336.0	1454.0	1520.0	1681.0	1730.0	1896.0	1978.0	2258.0	2439.0	2672.0	2757.0	3214.0	3363.0	3952.0	4225.0	4812.0	5217.0	5893.0	6391.0	6952.0	7933.0	8748.0	9618.0	10898.0	11617.0	12856.0	14463.0	15954.0	266909.0	2910887.0
	37	42	47	52	57	62	67	72	77	82	87	92	97	102	107	112	117	122	127	132	137	142	147	152	157	162	167	172	177	182	187	192	197	202	207	212	217	222	227	232	237	242	247	251
Bm88324_R2	325.0	364.0	546.0	659.0	819.0	853.0	906.0	1009.0	1002.0	998.0	1111.0	1143.0	1211.0	1299.0	1328.0	1431.0	1521.0	1670.0	1702.0	1867.0	1953.0	2229.0	2402.0	2612.0	2708.0	3164.0	3284.0	3846.0	4120.0	4643.0	5029.0	5666.0	6131.0	6638.0	7537.0	8218.0	8993.0	10154.0	10706.0	11690.0	13313.0	14480.0	243017.0	2943540.0
	34	44	54	64	74	84	94	104	114	124	134	144	154	164	174	184	194	204	214	224	234	244	254	264	274	284	294	300
Br7_R1	30500.0	145367.0	242389.0	296458.0	312617.0	309398.0	298261.0	282368.0	264613.0	245898.0	228702.0	210410.0	194296.0	177719.0	163244.0	151603.0	139259.0	127744.0	118363.0	109212.0	100559.0	93248.0	86788.0	79132.0	72816.0	67556.0	356147.0	763304.0
	34	44	54	64	74	84	94	104	114	124	134	144	154	164	174	184	194	204	214	224	234	244	254	264	274	284	294	300
Br7_R2	30378.0	145012.0	241412.0	294881.0	310463.0	306602.0	294674.0	277967.0	260158.0	241330.0	223378.0	203749.0	186463.0	168930.0	153203.0	140145.0	125794.0	111815.0	96347.0	77853.0	53760.0	40879.0	29177.0	20159.0	12901.0	10488.0	495231.0	1114822.0
	34	44	54	64	74	84	94	104	114	124	134	144	154	164	174	184	194	204	214	224	234	244	254	264	274	284	294	300
Br80_R1	3829.0	14314.0	22601.0	29497.0	35555.0	41038.0	47060.0	52958.0	60493.0	67610.0	76016.0	84935.0	94693.0	104307.0	115244.0	125905.0	135084.0	145140.0	153079.0	160557.0	166599.0	170397.0	171530.0	172304.0	169924.0	166505.0	1083479.0	2228117.0
	34	44	54	64	74	84	94	104	114	124	134	144	154	164	174	184	194	204	214	224	234	244	254	264	274	284	294	300
Br80_R2	3828.0	14345.0	22635.0	29455.0	35473.0	40897.0	46812.0	52580.0	59923.0	66863.0	74933.0	83260.0	92276.0	100777.0	110457.0	119490.0	125892.0	131956.0	131502.0	123370.0	99852.0	85983.0	69277.0	54385.0	38312.0	32814.0	1099680.0	2951743.0
	151
CD0065_R1	9942599.0
	151
CD0065_R2	9942599.0
	151
CD0142_R1	13576930.0
	151
CD0142_R2	13576930.0
	151
CH0043_R1	14352311.0
	151
CH0043_R2	14352311.0
	151
CH0072_R1	10607740.0
	151
CH0072_R2	10607740.0
	151
CH0452_R1	8063851.0
	151
CH0452_R2	8063851.0
	151
CH0461_R1	13548398.0
	151
CH0461_R2	13548398.0
	151
CH0533_R1	8374023.0
	151
CH0533_R2	8374023.0
	151
CH1103_R1	7554411.0
	151
CH1103_R2	7554411.0
	151
CH1164_R1	6329227.0
	151
CH1164_R2	6329227.0
	34	44	54	64	74	84	94	104	114	124	134	144	154	164	174	184	194	204	214	224	234	244	254	264	274	284	294	300
CHRF_R1	2840.0	9571.0	14267.0	17036.0	18843.0	20248.0	21251.0	22692.0	24204.0	25793.0	27381.0	29359.0	31695.0	34322.0	37071.0	40321.0	43687.0	47204.0	51304.0	54117.0	58049.0	62091.0	65110.0	68680.0	70180.0	72721.0	640082.0	1370328.0
	34	44	54	64	74	84	94	104	114	124	134	144	154	164	174	184	194	204	214	224	234	244	254	264	274	284	294	300
CHRF_R2	4485.0	15366.0	22884.0	27936.0	30939.0	33657.0	35593.0	37929.0	40604.0	43044.0	46040.0	49246.0	52616.0	56616.0	60874.0	65433.0	70339.0	74761.0	76108.0	72666.0	60548.0	55035.0	46671.0	38933.0	28458.0	26159.0	1058796.0	2902232.0
	34	44	54	64	74	84	94	104	114	124	134	144	154	164	174	184	194	204	214	224	234	244	254	264	274	284	294	300
CHW_R1	2363.0	8575.0	12571.0	15196.0	16827.0	18066.0	19356.0	20342.0	21312.0	22395.0	23941.0	25594.0	27029.0	28521.0	30913.0	32623.0	35096.0	38008.0	40570.0	42895.0	46259.0	49067.0	52471.0	54822.0	57917.0	60804.0	683441.0	1493562.0
	34	44	54	64	74	84	94	104	114	124	134	144	154	164	174	184	194	204	214	224	234	244	254	264	274	284	294	300
CHW_R2	2355.0	8562.0	12547.0	15150.0	16736.0	17968.0	19190.0	20143.0	21069.0	22097.0	23549.0	25040.0	26211.0	27352.0	29365.0	30681.0	32534.0	34198.0	34413.0	32388.0	27022.0	23848.0	20432.0	16801.0	12479.0	11548.0	680984.0	1735874.0
	150
CM0028_R1	19691203.0
	150
CM0028_R2	19691203.0
	150
FR1067_R1	15180583.0
	150
FR1067_R2	15180583.0
	150
FR1069_R1	17308299.0
	150
FR1069_R2	17308299.0
	37	42	47	52	57	62	67	72	77	82	87	92	97	102	107	112	117	122	127	132	137	142	147	152	157	162	167	172	177	182	187	192	197	202	207	212	217	222	227	232	237	242	247	251
G17_R1	550.0	774.0	1108.0	1312.0	1556.0	1538.0	1674.0	1758.0	1873.0	1947.0	2056.0	2149.0	2154.0	2428.0	2444.0	2687.0	2859.0	3275.0	3405.0	3808.0	4047.0	4549.0	4875.0	5643.0	5958.0	6744.0	7486.0	8270.0	9284.0	10346.0	11400.0	12913.0	14385.0	16068.0	18010.0	19777.0	21647.0	23833.0	26645.0	29224.0	31981.0	35059.0	369371.0	3950414.0
	37	42	47	52	57	62	67	72	77	82	87	92	97	102	107	112	117	122	127	132	137	142	147	152	157	162	167	172	177	182	187	192	197	202	207	212	217	222	227	232	237	242	247	251
G17_R2	628.0	778.0	1110.0	1310.0	1548.0	1535.0	1670.0	1753.0	1866.0	1944.0	2044.0	2138.0	2153.0	2415.0	2424.0	2665.0	2827.0	3237.0	3371.0	3749.0	4008.0	4498.0	4796.0	5544.0	5843.0	6586.0	7282.0	8037.0	9030.0	9968.0	10882.0	12394.0	13711.0	15242.0	16900.0	18631.0	20258.0	22125.0	24466.0	26495.0	29406.0	31793.0	337960.0	4002264.0
	37	42	47	52	57	62	67	72	77	82	87	92	97	102	107	112	117	122	127	132	137	142	147	152	157	162	167	172	177	182	187	192	197	202	207	212	217	222	227	232	237	242	247	251
G22_R1	11675.0	19834.0	30623.0	39885.0	50455.0	56815.0	62862.0	66421.0	67820.0	69200.0	68659.0	69311.0	67623.0	68200.0	65968.0	65534.0	63947.0	64095.0	61705.0	62243.0	59387.0	59677.0	58365.0	58042.0	56429.0	56156.0	55433.0	55100.0	53762.0	53846.0	53926.0	52449.0	52034.0	51616.0	51399.0	50582.0	50778.0	50162.0	49924.0	49439.0	49450.0	48413.0	212759.0	2040096.0
	37	42	47	52	57	62	67	72	77	82	87	92	97	102	107	112	117	122	127	132	137	142	147	152	157	162	167	172	177	182	187	192	197	202	207	212	217	222	227	232	237	242	247	251
G22_R2	11805.0	19735.0	30523.0	39780.0	50347.0	56641.0	62685.0	66218.0	67584.0	68926.0	68340.0	68951.0	67287.0	67811.0	65544.0	65037.0	63411.0	63411.0	61193.0	61620.0	58775.0	58876.0	57581.0	57120.0	55603.0	55093.0	54225.0	53749.0	52291.0	52337.0	52161.0	50497.0	49957.0	49352.0	48780.0	47848.0	47661.0	46557.0	45788.0	44502.0	45103.0	42714.0	178060.0	2130620.0
	75
GFSI1-7-2_R1	30360775.0
	75
GFSI1-7-2_R2	30360775.0
	37	42	47	52	57	62	67	72	77	82	87	92	97	102	107	112	117	122	127	132	137	142	147	152	157	162	167	172	177	182	187	192	197	202	207	212	217	222	227	232	237	242	247	251
GG11_R1	1496.0	2171.0	2782.0	3194.0	3843.0	3675.0	4171.0	4370.0	4650.0	4632.0	4995.0	5008.0	5397.0	5486.0	5810.0	5917.0	6111.0	6320.0	6487.0	6678.0	6931.0	7270.0	7018.0	7476.0	7383.0	7961.0	7799.0	8210.0	8060.0	8338.0	8424.0	8630.0	8813.0	9036.0	8889.0	9227.0	9315.0	9425.0	9306.0	9631.0	9608.0	9925.0	65583.0	654549.0
	37	42	47	52	57	62	67	72	77	82	87	92	97	102	107	112	117	122	127	132	137	142	147	152	157	162	167	172	177	182	187	192	197	202	207	212	217	222	227	232	237	242	247	251
GG11_R2	1485.0	2159.0	2765.0	3180.0	3807.0	3662.0	4159.0	4343.0	4639.0	4625.0	4995.0	4985.0	5384.0	5459.0	5773.0	5903.0	6080.0	6305.0	6453.0	6628.0	6863.0	7195.0	6948.0	7365.0	7274.0	7854.0	7690.0	8076.0	7872.0	8118.0	8192.0	8385.0	8508.0	8706.0	8510.0	8750.0	8735.0	8802.0	8662.0	8903.0	8952.0	8948.0	62076.0	665827.0
	150
GN0001_R1	12269860.0
	150
GN0001_R2	12269860.0
	150
GY0040_R1	10306131.0
	150
GY0040_R2	10306131.0
	37	42	47	52	57	62	67	72	77	82	87	92	97	102	107	112	117	122	127	132	137	142	147	152	157	162	167	172	177	182	187	192	197	202	207	212	217	222	227	232	237	242	247	251
HO_R1	21331.0	29744.0	40351.0	45080.0	52916.0	53223.0	59161.0	57875.0	63047.0	60764.0	63836.0	63524.0	64383.0	64647.0	63407.0	64752.0	63128.0	65644.0	62488.0	64495.0	61858.0	63906.0	60849.0	63202.0	60483.0	61310.0	59627.0	61016.0	58978.0	59589.0	58113.0	58434.0	57730.0	57927.0	56748.0	57060.0	56424.0	55604.0	55778.0	54869.0	55214.0	54411.0	328265.0	3176085.0
	37	42	47	52	57	62	67	72	77	82	87	92	97	102	107	112	117	122	127	132	137	142	147	152	157	162	167	172	177	182	187	192	197	202	207	212	217	222	227	232	237	242	247	251
HO_R2	21156.0	29538.0	40042.0	44764.0	52482.0	52829.0	58738.0	57469.0	62618.0	60417.0	63386.0	62971.0	63746.0	64021.0	62786.0	64083.0	62256.0	64761.0	61565.0	63386.0	60726.0	62525.0	59496.0	61537.0	58847.0	59443.0	57581.0	58697.0	56449.0	56777.0	54901.0	54980.0	53860.0	53519.0	52138.0	51923.0	50963.0	49448.0	48826.0	47311.0	48457.0	46404.0	312264.0	3287190.0
	37	42	47	52	57	62	67	72	77	82	87	92	97	102	107	112	117	122	127	132	137	142	147	152	157	162	167	172	177	182	187	192	197	202	207	212	217	222	227	232	237	242	247	251
IA1_R1	1269.0	2013.0	2921.0	3715.0	4590.0	5091.0	5885.0	6049.0	6923.0	7381.0	8041.0	8395.0	8923.0	9592.0	10120.0	10889.0	11184.0	12186.0	12456.0	13606.0	13871.0	15032.0	15161.0	16252.0	16727.0	17712.0	18210.0	19484.0	19907.0	21106.0	21413.0	22683.0	23023.0	24021.0	24918.0	26011.0	26633.0	27473.0	27892.0	28964.0	29818.0	30682.0	224528.0	2249735.0
	37	42	47	52	57	62	67	72	77	82	87	92	97	102	107	112	117	122	127	132	137	142	147	152	157	162	167	172	177	182	187	192	197	202	207	212	217	222	227	232	237	242	247	251
IA1_R2	1255.0	2003.0	2897.0	3692.0	4549.0	5043.0	5872.0	6021.0	6883.0	7309.0	7982.0	8333.0	8891.0	9516.0	10064.0	10849.0	11126.0	12090.0	12369.0	13511.0	13714.0	14869.0	14958.0	16098.0	16483.0	17472.0	17932.0	19163.0	19608.0	20608.0	20990.0	22113.0	22406.0	23277.0	24073.0	25034.0	25403.0	26083.0	26168.0	27069.0	28025.0	28721.0	202548.0	2289415.0
	37	42	47	52	57	62	67	72	77	82	87	92	97	102	107	112	117	122	127	132	137	142	147	152	157	162	167	172	177	182	187	192	197	202	207	212	217	222	227	232	237	242	247	251
IB33_R1	1040.0	1235.0	1268.0	1147.0	1113.0	959.0	886.0	793.0	776.0	695.0	733.0	624.0	638.0	641.0	704.0	665.0	734.0	783.0	795.0	832.0	960.0	1019.0	1132.0	1252.0	1384.0	1489.0	1598.0	1768.0	2065.0	2216.0	2605.0	2784.0	3043.0	3349.0	3603.0	4284.0	4538.0	5065.0	5305.0	6028.0	6473.0	7095.0	115989.0	1285265.0
	37	42	47	52	57	62	67	72	77	82	87	92	97	102	107	112	117	122	127	132	137	142	147	152	157	162	167	172	177	182	187	192	197	202	207	212	217	222	227	232	237	242	247	251
IB33_R2	1039.0	1230.0	1267.0	1139.0	1109.0	954.0	877.0	793.0	757.0	694.0	730.0	615.0	636.0	624.0	690.0	653.0	719.0	761.0	786.0	805.0	910.0	975.0	1089.0	1203.0	1332.0	1413.0	1493.0	1632.0	1856.0	2004.0	2322.0	2454.0	2631.0	2830.0	3013.0	3451.0	3599.0	3824.0	3808.0	4209.0	4725.0	4900.0	87571.0	1327248.0
	37	42	47	52	57	62	67	72	77	82	87	92	97	102	107	112	117	122	127	132	137	142	147	152	157	162	167	172	177	182	187	192	197	202	207	212	217	222	227	232	237	242	247	251
IB49_R1	15182.0	22842.0	33598.0	37997.0	46777.0	47961.0	54687.0	54688.0	59346.0	59561.0	63188.0	63033.0	65419.0	66299.0	67593.0	69095.0	68524.0	70476.0	69500.0	70951.0	69396.0	71499.0	69301.0	71131.0	70056.0	71047.0	69640.0	69983.0	69741.0	69618.0	68756.0	68466.0	68518.0	67752.0	67965.0	67583.0	67116.0	66164.0	65423.0	64746.0	65162.0	63745.0	264681.0	2379339.0
	37	42	47	52	57	62	67	72	77	82	87	92	97	102	107	112	117	122	127	132	137	142	147	152	157	162	167	172	177	182	187	192	197	202	207	212	217	222	227	232	237	242	247	251
IB49_R2	14967.0	22529.0	33062.0	37539.0	46214.0	47523.0	54255.0	54324.0	58926.0	59106.0	62658.0	62544.0	64834.0	65821.0	67069.0	68401.0	67914.0	69790.0	68618.0	70098.0	68448.0	70476.0	68309.0	70077.0	69000.0	69869.0	68491.0	68633.0	68184.0	67820.0	66869.0	66410.0	66435.0	65417.0	65493.0	64670.0	63841.0	62462.0	61176.0	60101.0	61066.0	59024.0	241269.0	2463813.0
	37	42	47	52	57	62	67	72	77	82	87	92	97	102	107	112	117	122	127	132	137	142	147	152	157	162	167	172	177	182	187	192	197	202	207	212	217	222	227	232	237	242	247	251
IC17_R1	10699.0	15258.0	21492.0	24025.0	28209.0	28218.0	30980.0	30073.0	31894.0	30811.0	32037.0	31193.0	31583.0	31746.0	31114.0	31260.0	30463.0	31294.0	30068.0	30890.0	29660.0	30114.0	29407.0	29789.0	28983.0	29585.0	29081.0	29270.0	28704.0	29153.0	28466.0	28218.0	28177.0	27964.0	28018.0	27945.0	27817.0	28047.0	27833.0	27642.0	27411.0	27352.0	192952.0	1965781.0
	37	42	47	52	57	62	67	72	77	82	87	92	97	102	107	112	117	122	127	132	137	142	147	152	157	162	167	172	177	182	187	192	197	202	207	212	217	222	227	232	237	242	247	251
IC17_R2	10645.0	15179.0	21340.0	23925.0	28101.0	28153.0	30924.0	29984.0	31821.0	30729.0	31919.0	31102.0	31480.0	31677.0	31050.0	31198.0	30442.0	31142.0	30012.0	30858.0	29564.0	29960.0	29260.0	29630.0	28803.0	29492.0	28860.0	29013.0	28360.0	28761.0	28121.0	27791.0	27753.0	27492.0	27373.0	27244.0	26978.0	26999.0	26746.0	26352.0	26216.0	26051.0	175709.0	1996467.0
	37	42	47	52	57	62	67	72	77	82	87	92	97	102	107	112	117	122	127	132	137	142	147	152	157	162	167	172	177	182	187	192	197	202	207	212	217	222	227	232	237	242	247	251
IE1K_R1	551.0	839.0	1049.0	1455.0	1768.0	2204.0	2720.0	3126.0	3998.0	4265.0	5368.0	5898.0	7465.0	8153.0	10010.0	11035.0	13620.0	14681.0	17499.0	19661.0	22644.0	25223.0	28878.0	32464.0	36438.0	40682.0	44116.0	49914.0	52761.0	59991.0	62449.0	69762.0	71892.0	80065.0	81370.0	90293.0	90294.0	98629.0	98125.0	106185.0	106323.0	111963.0	589178.0	5571203.0
	151
IN0017_R1	6632096.0
	151
IN0017_R2	6632096.0
	151
IN0054_R1	12337576.0
	151
IN0054_R2	12337576.0
	151
IN0059_R1	5550111.0
	151
IN0059_R2	5550111.0
	151
IN0114_R1	11810162.0
	151
IN0114_R2	11810162.0
	151
IN0115_R1	13173876.0
	151
IN0115_R2	13173876.0
	151
IN0116_R1	13320426.0
	151
IN0116_R2	13320426.0
	75
INA168_R1	28816283.0
	75
INA168_R2	28816283.0
	150
IR00102_R1	16956380.0
	150
IR00102_R2	16956380.0
	150
IR0013_R1	15097517.0
	150
IR0013_R2	15097517.0
	150
IR0015_R1	13992874.0
	150
IR0015_R2	13992874.0
	150
IR0083_R1	11442190.0
	150
IR0083_R2	11442190.0
	150
IR0084_R1	17479082.0
	150
IR0084_R2	17479082.0
	150
IR0088_R1	17848961.0
	150
IR0088_R2	17848961.0
	150
IR0095_R1	15763533.0
	150
IR0095_R2	15763533.0
	150
IT0010_R1	16778871.0
	150
IT0010_R2	16778871.0
	150
JP0091_R1	14264726.0
	150
JP0091_R2	14264726.0
	37	42	47	52	57	62	67	72	77	82	87	92	97	102	107	112	117	122	127	132	137	142	147	152	157	162	167	172	177	182	187	192	197	202	207	212	217	222	227	232	237	242	247	251
LpKY-97-1_R1	12128.0	20863.0	35389.0	49232.0	66836.0	80388.0	92413.0	101453.0	106827.0	112680.0	114251.0	119255.0	118166.0	122428.0	119946.0	124337.0	121002.0	123082.0	118916.0	121236.0	116304.0	117136.0	114297.0	112557.0	110760.0	108370.0	106381.0	103850.0	101571.0	99178.0	97101.0	93969.0	91833.0	88686.0	86360.0	83734.0	82042.0	79100.0	76619.0	74087.0	72026.0	69156.0	184052.0	1483083.0
	37	42	47	52	57	62	67	72	77	82	87	92	97	102	107	112	117	122	127	132	137	142	147	152	157	162	167	172	177	182	187	192	197	202	207	212	217	222	227	232	237	242	247	251
LpKY-97-1_R2	12342.0	20792.0	35273.0	49098.0	66693.0	80222.0	92077.0	101168.0	106396.0	112293.0	113730.0	118651.0	117514.0	121672.0	119117.0	123244.0	119896.0	121835.0	117903.0	120113.0	115145.0	115720.0	112698.0	110858.0	109090.0	106337.0	104254.0	101444.0	98966.0	96396.0	93784.0	90556.0	88304.0	84776.0	82160.0	78934.0	76960.0	73462.0	70338.0	66561.0	65539.0	61205.0	157198.0	1602366.0
	150
ML0060_R1	13678921.0
	150
ML0060_R2	13678921.0
	151
ML0062_R1	8976477.0
	151
ML0062_R2	8976477.0
	37	42	47	52	57	62	67	72	77	82	87	92	97	102	107	112	117	122	127	132	137	142	147	152	157	162	167	172	177	182	187	192	197	202	207	212	217	222	227	232	237	242	247	251
ML33_R1	2304.0	3597.0	5529.0	6635.0	8574.0	9057.0	10548.0	10946.0	12260.0	12407.0	13731.0	14044.0	15189.0	15704.0	16640.0	17669.0	18639.0	20073.0	20749.0	22538.0	22969.0	25115.0	25393.0	28336.0	29011.0	30983.0	31728.0	33922.0	35118.0	37468.0	38956.0	40677.0	42747.0	44496.0	46222.0	48124.0	49002.0	50079.0	52261.0	52787.0	54454.0	54801.0	244006.0	2178206.0
	37	42	47	52	57	62	67	72	77	82	87	92	97	102	107	112	117	122	127	132	137	142	147	152	157	162	167	172	177	182	187	192	197	202	207	212	217	222	227	232	237	242	247	251
ML33_R2	2271.0	3556.0	5451.0	6552.0	8466.0	8985.0	10408.0	10794.0	12079.0	12253.0	13518.0	13812.0	14938.0	15450.0	16349.0	17308.0	18219.0	19592.0	20240.0	21954.0	22291.0	24388.0	24594.0	27398.0	27953.0	29828.0	30438.0	32552.0	33567.0	35715.0	37054.0	38586.0	40347.0	41673.0	43055.0	44365.0	44714.0	45506.0	47020.0	46952.0	48925.0	49557.0	228505.0	2256516.0
	151
NG0012_R1	7106748.0
	151
NG0012_R2	7106748.0
	151
NG0054_R1	9342286.0
	151
NG0054_R2	9342286.0
	151
NP0058_R1	12773549.0
	151
NP0058_R2	12773549.0
	300
P28_R1	8979346.0
	300
P28_R2	8979346.0
	300
P29_R1	9335380.0
	300
P29_R2	9335380.0
	300
P3_R1	16130764.0
	300
P3_R2	16130764.0
	37	42	47	52	57	62	67	72	77	82	87	92	97	102	107	112	117	122	127	132	137	142	147	152	157	162	167	172	177	182	187	192	197	202	207	212	217	222	227	232	237	242	247	251
PH42_R1	78.0	45.0	87.0	97.0	137.0	152.0	235.0	315.0	310.0	364.0	402.0	482.0	475.0	530.0	593.0	593.0	704.0	693.0	782.0	828.0	944.0	980.0	1072.0	1242.0	1300.0	1497.0	1655.0	1818.0	2045.0	2112.0	2270.0	2585.0	2941.0	3231.0	3662.0	4247.0	4629.0	5139.0	5799.0	6600.0	7289.0	8240.0	100794.0	1122673.0
	37	42	47	52	57	62	67	72	77	82	87	92	97	102	107	112	117	122	127	132	137	142	147	152	157	162	167	172	177	182	187	192	197	202	207	212	217	222	227	232	237	242	247	251
PH42_R2	74.0	46.0	80.0	94.0	135.0	146.0	234.0	303.0	301.0	358.0	394.0	475.0	478.0	530.0	586.0	589.0	687.0	686.0	776.0	812.0	926.0	977.0	1058.0	1225.0	1274.0	1476.0	1621.0	1785.0	2001.0	2070.0	2197.0	2488.0	2842.0	3111.0	3495.0	4033.0	4358.0	4776.0	5443.0	6017.0	6479.0	6413.0	114012.0	1114805.0
	37	42	47	52	57	62	67	72	77	82	87	92	97	102	107	112	117	122	127	132	137	142	147	152	157	162	167	172	177	182	187	192	197	202	207	212	217	222	227	232	237	242	247	251
PL2-1_R1	5481.0	7530.0	10211.0	11521.0	13720.0	14157.0	16472.0	16399.0	18756.0	18465.0	20648.0	21306.0	23406.0	23964.0	25644.0	26850.0	28449.0	30223.0	31021.0	33147.0	33641.0	36131.0	36571.0	38875.0	39530.0	42008.0	43140.0	45175.0	45719.0	48326.0	49192.0	51306.0	52422.0	54343.0	55209.0	58010.0	58745.0	59787.0	61325.0	62687.0	64678.0	65397.0	372989.0	3529448.0
	37	42	47	52	57	62	67	72	77	82	87	92	97	102	107	112	117	122	127	132	137	142	147	152	157	162	167	172	177	182	187	192	197	202	207	212	217	222	227	232	237	242	247	251
PL2-1_R2	5458.0	7504.0	10169.0	11477.0	13680.0	14105.0	16420.0	16370.0	18686.0	18449.0	20636.0	21258.0	23392.0	23935.0	25584.0	26734.0	28330.0	30113.0	30815.0	32987.0	33324.0	35817.0	36165.0	38424.0	39078.0	41339.0	42342.0	44231.0	44679.0	47152.0	47837.0	49676.0	50549.0	52270.0	52932.0	54970.0	55438.0	56251.0	57178.0	57609.0	60029.0	59150.0	349749.0	3599733.0
	37	42	47	52	57	62	67	72	77	82	87	92	97	102	107	112	117	122	127	132	137	142	147	152	157	162	167	172	177	182	187	192	197	202	207	212	217	222	227	232	237	242	247	251
Pg1213-22_R1	3424.0	5541.0	9103.0	11835.0	16577.0	19006.0	25060.0	28117.0	34534.0	37718.0	44061.0	48069.0	53036.0	57382.0	60960.0	65294.0	66414.0	71293.0	70275.0	74577.0	72879.0	76358.0	73929.0	76769.0	73444.0	76304.0	73943.0	74510.0	72445.0	72440.0	70370.0	69580.0	67946.0	66414.0	65633.0	63961.0	62232.0	59917.0	59193.0	56718.0	55970.0	53078.0	177834.0	1467443.0
	37	42	47	52	57	62	67	72	77	82	87	92	97	102	107	112	117	122	127	132	137	142	147	152	157	162	167	172	177	182	187	192	197	202	207	212	217	222	227	232	237	242	247	251
Pg1213-22_R2	3417.0	5519.0	9068.0	11813.0	16511.0	18905.0	24929.0	27979.0	34359.0	37423.0	43751.0	47716.0	52612.0	56800.0	60222.0	64360.0	65276.0	70083.0	68891.0	73005.0	71128.0	74364.0	71919.0	74515.0	71166.0	73426.0	71083.0	71303.0	68942.0	68296.0	66059.0	64806.0	62854.0	60950.0	59736.0	56941.0	54427.0	51110.0	49532.0	46097.0	46886.0	42650.0	166078.0	1604679.0
	34	36	38	40	42	44	46	48	50	52	54	56	58	60	62	64	66	68	70	72	74	76	78	80	82	84	86	88	90	92	94	96	98	100
PgKY4OV2-1_R1	3382.0	6877.0	7408.0	7767.0	8024.0	8490.0	8596.0	8687.0	8890.0	9095.0	9282.0	9258.0	9383.0	9470.0	9764.0	10173.0	11179.0	10613.0	10879.0	11356.0	12100.0	13017.0	14389.0	16019.0	17863.0	20162.0	22975.0	27796.0	35048.0	44900.0	61444.0	85924.0	275774.0	15305877.0
	34	36	38	40	42	44	46	48	50	52	54	56	58	60	62	64	66	68	70	72	74	76	78	80	82	84	86	88	90	92	94	96	98	100
PgKY4OV2-1_R2	9828.0	20535.0	22084.0	23651.0	23611.0	24027.0	23985.0	24388.0	24604.0	24901.0	25374.0	25647.0	25691.0	25619.0	25231.0	24573.0	24045.0	23280.0	22793.0	23843.0	23091.0	23765.0	23525.0	23061.0	24342.0	27618.0	32794.0	39285.0	47812.0	61953.0	83950.0	111496.0	353563.0	14787896.0
	34	36	38	40	42	44	46	48	50	52	54	56	58	60	62	64	66	68	70	72	74	76	78	80	82	84	86	88	90	92	94	96	98	100
PgPA18C-02_R1	4524.0	9115.0	9651.0	10179.0	10660.0	11094.0	10948.0	10996.0	11091.0	11557.0	11586.0	11660.0	11710.0	11935.0	12009.0	12728.0	13623.0	13095.0	13177.0	13937.0	15518.0	16462.0	17960.0	20299.0	23081.0	25585.0	29493.0	35783.0	45159.0	58095.0	81274.0	113102.0	367295.0	19795293.0
	34	36	38	40	42	44	46	48	50	52	54	56	58	60	62	64	66	68	70	72	74	76	78	80	82	84	86	88	90	92	94	96	98	100
PgPA18C-02_R2	15097.0	31132.0	33558.0	35605.0	35842.0	36336.0	36278.0	36820.0	36971.0	37047.0	37868.0	38392.0	38511.0	37607.0	37298.0	36268.0	34746.0	34291.0	33873.0	34850.0	34629.0	34964.0	34972.0	34375.0	36176.0	40821.0	47974.0	58247.0	70679.0	90818.0	120891.0	161833.0	511813.0	18893092.0
	37	42	47	52	57	62	67	72	77	82	87	92	97	102	107	112	117	122	127	132	137	142	147	152	157	162	167	172	177	182	187	192	197	202	207	212	217	222	227	232	237	242	247	251
SSFL02_R1	1200.0	1695.0	2564.0	3157.0	4338.0	4916.0	6691.0	7478.0	9636.0	10551.0	13011.0	14631.0	17107.0	19466.0	21672.0	24460.0	26216.0	29466.0	31104.0	34784.0	35501.0	39122.0	39621.0	42979.0	43485.0	46506.0	47034.0	49043.0	49459.0	51064.0	51365.0	52183.0	52216.0	51735.0	52695.0	52965.0	52759.0	51819.0	51350.0	50843.0	51079.0	48933.0	173200.0	1449088.0
	37	42	47	52	57	62	67	72	77	82	87	92	97	102	107	112	117	122	127	132	137	142	147	152	157	162	167	172	177	182	187	192	197	202	207	212	217	222	227	232	237	242	247	251
SSFL02_R2	1195.0	1687.0	2546.0	3154.0	4306.0	4889.0	6648.0	7414.0	9575.0	10460.0	12883.0	14457.0	16900.0	19189.0	21312.0	24018.0	25642.0	28773.0	30258.0	33742.0	34415.0	37823.0	38141.0	41233.0	41749.0	44353.0	44634.0	46096.0	46375.0	47327.0	47361.0	47630.0	47345.0	46224.0	46578.0	45646.0	44270.0	42534.0	41026.0	39303.0	40930.0	37579.0	161599.0	1580968.0
	37	42	47	52	57	62	67	72	77	82	87	92	97	102	107	112	117	122	127	132	137	142	147	152	157	162	167	172	177	182	187	192	197	202	207	212	217	222	227	232	237	242	247	251
SSFL14-3_R1	3253.0	5057.0	7225.0	8538.0	10473.0	11152.0	12792.0	13289.0	14550.0	15013.0	15987.0	16993.0	17453.0	18539.0	19313.0	20047.0	20655.0	21961.0	22307.0	23556.0	24148.0	25277.0	25551.0	26725.0	27617.0	28803.0	29181.0	30587.0	31259.0	32419.0	33520.0	34602.0	35249.0	36233.0	37185.0	38287.0	38574.0	39591.0	39942.0	41024.0	41912.0	41832.0	196118.0	1832084.0
	37	42	47	52	57	62	67	72	77	82	87	92	97	102	107	112	117	122	127	132	137	142	147	152	157	162	167	172	177	182	187	192	197	202	207	212	217	222	227	232	237	242	247	251
SSFL14-3_R2	3263.0	5047.0	7224.0	8526.0	10471.0	11145.0	12764.0	13234.0	14504.0	14947.0	15882.0	16881.0	17316.0	18317.0	19095.0	19755.0	20326.0	21639.0	21864.0	23087.0	23512.0	24524.0	24766.0	25842.0	26553.0	27479.0	27665.0	28784.0	29122.0	29884.0	30629.0	31324.0	31337.0	31442.0	31763.0	31990.0	31650.0	31504.0	30801.0	29925.0	31985.0	30704.0	156668.0	1970733.0
	250
T25_R1	13229717.0
	250
T25_R2	13229717.0
	151
TG0004_R1	7836183.0
	151
TG0004_R2	7836183.0
	151
TG0032_R1	11539189.0
	151
TG0032_R2	11539189.0
	151
TN0001_R1	9031422.0
	151
TN0001_R2	9031422.0
	151
TN0002_R1	11034274.0
	151
TN0002_R2	11034274.0
	150
TN0050_R1	11636071.0
	150
TN0050_R2	11636071.0
	151
TN0057_R1	11732409.0
	151
TN0057_R2	11732409.0
	151
TN0065_R1	14702538.0
	151
TN0065_R2	14702538.0
	151
TN0090_R1	11611731.0
	151
TN0090_R2	11611731.0
	150
TR0025_R1	14654436.0
	150
TR0025_R2	14654436.0
	151
US0041_R1	7987470.0
	151
US0041_R2	7987470.0
	150
US0064_R1	14805986.0
	150
US0064_R2	14805986.0
	151
VT0027_R1	7284224.0
	151
VT0027_R2	7284224.0
	151
VT0030_R1	9220111.0
	151
VT0030_R2	9220111.0
	75
Z2-1_R1	30523217.0
	75
Z2-1_R2	30523217.0

