Sample	FastQC_mqc-generalstats-fastqc-percent_duplicates	FastQC_mqc-generalstats-fastqc-percent_gc	FastQC_mqc-generalstats-fastqc-avg_sequence_length	FastQC_mqc-generalstats-fastqc-percent_fails	FastQC_mqc-generalstats-fastqc-total_sequences
AG0004_R1	20.504048016923676	50.0	150.0	0.0	12555053.0
AG0004_R2	18.66134039874619	50.0	150.0	0.0	12555053.0
Arcadia_R1	7.170455703095087	49.0	247.226831231666	0.0	1431086.0
Arcadia_R2	6.871384671185169	49.0	247.29430376651018	0.0	1431086.0
B2_R1	10.895297084002763	50.0	250.0	9.090909090909092	7996502.0
B2_R2	0.9951388663476024	51.0	250.0	18.181818181818183	286491.0
B71_R1	16.04516355261815	49.0	300.0	27.27272727272727	17374958.0
B71_R2	13.02696620966249	49.0	300.0	36.36363636363637	17374958.0
BF0072_R1	21.811398088603013	49.0	151.0	0.0	10064793.0
BF0072_R2	18.71563250576854	49.0	151.0	0.0	10064793.0
BN0019_R1	22.582208509031602	49.0	151.0	0.0	11867043.0
BN0019_R2	19.379537632853655	49.0	151.0	0.0	11867043.0
BN0119_R1	19.66093170192846	50.0	151.0	0.0	6622291.0
BN0119_R2	17.072694152758345	50.0	151.0	0.0	6622291.0
BN0123_R1	19.617761469413153	50.0	151.0	0.0	7919624.0
BN0123_R2	17.297437031394423	50.0	151.0	0.0	7919624.0
BN0202_R1	20.652809013495826	50.0	151.0	0.0	8606161.0
BN0202_R2	17.84945785955496	50.0	151.0	0.0	8606161.0
BN0252_R1	21.720209216928183	50.0	151.0	0.0	10841812.0
BN0252_R2	19.331770002769716	50.0	151.0	0.0	10841812.0
Bd8401_R1	12.83918400974774	50.0	244.93624893199177	9.090909090909092	2285797.0
Bd8401_R2	10.685990497419908	51.0	245.11226543739448	9.090909090909092	2285797.0
BdBar_R1	27.059703003076933	50.0	185.9803821178419	10.0	9004081.0
BdBar_R2	22.796842658992503	50.0	158.3576682617582	10.0	9004081.0
Bm88324_R1	19.76081993322103	49.0	247.77361681587246	9.090909090909092	3347837.0
Bm88324_R2	15.776607548811825	50.0	247.88368250903494	9.090909090909092	3347837.0
Br7_R1	16.84504267352432	49.0	167.24045130082706	9.090909090909092	5667971.0
Br7_R2	15.13702682571622	49.0	172.81226138948136	27.27272727272727	5667971.0
Br80_R1	20.311644223908758	49.0	255.55555344588788	9.090909090909092	5898770.0
Br80_R2	17.39363222207612	49.0	261.23363480861263	27.27272727272727	5898770.0
CD0065_R1	23.572403322985593	50.0	151.0	0.0	9942599.0
CD0065_R2	20.328701135779994	50.0	151.0	0.0	9942599.0
CD0142_R1	23.72219662314899	50.0	151.0	0.0	13576930.0
CD0142_R2	21.260155305430416	50.0	151.0	0.0	13576930.0
CH0043_R1	23.540408271301843	50.0	151.0	0.0	14352311.0
CH0043_R2	20.561804116121095	50.0	151.0	0.0	14352311.0
CH0072_R1	21.269589283533335	50.0	151.0	0.0	10607740.0
CH0072_R2	18.80668863698091	50.0	151.0	0.0	10607740.0
CH0452_R1	18.390240684805562	50.0	151.0	0.0	8063851.0
CH0452_R2	16.54576407748698	50.0	151.0	0.0	8063851.0
CH0461_R1	23.127399007092635	50.0	151.0	0.0	13548398.0
CH0461_R2	19.587811876766565	50.0	151.0	0.0	13548398.0
CH0533_R1	20.35975473011048	50.0	151.0	0.0	8374023.0
CH0533_R2	18.08624285692069	50.0	151.0	0.0	8374023.0
CH1103_R1	20.223484544902277	50.0	151.0	0.0	7554411.0
CH1103_R2	17.72453317497309	50.0	151.0	0.0	7554411.0
CH1164_R1	17.68618916466363	50.0	151.0	0.0	6329227.0
CH1164_R2	15.562408078049714	50.0	151.0	0.0	6329227.0
CHRF_R1	16.84576758039036	49.0	265.6778181259388	10.0	2980447.0
CHRF_R2	18.503718057288665	49.0	270.3326343288466	20.0	5133968.0
CHW_R1	16.29915491928095	49.0	270.6615642287159	9.090909090909092	2980536.0
CHW_R2	13.08587500519107	50.0	274.20423977432245	27.27272727272727	2980536.0
CM0028_R1	25.240257569585168	50.0	150.0	0.0	19691203.0
CM0028_R2	21.874848570559678	50.0	150.0	0.0	19691203.0
FR1067_R1	20.353808424948312	48.0	150.0	0.0	15180583.0
FR1067_R2	18.12166029351026	48.0	150.0	0.0	15180583.0
FR1069_R1	20.830456621424858	48.0	150.0	0.0	17308299.0
FR1069_R2	18.287012834129754	48.0	150.0	0.0	17308299.0
G17_R1	19.89093966798447	49.0	246.35885222562763	9.090909090909092	4689284.0
G17_R2	16.31661026977784	49.0	246.5251025529697	9.090909090909092	4689284.0
G22_R1	20.391932177150238	49.0	194.62702080774662	9.090909090909092	4562099.0
G22_R2	19.607898267217593	49.0	195.31580485210864	9.090909090909092	4562099.0
GFSI1-7-2_R1	28.2773084346792	46.0	75.0	0.0	30360775.0
GFSI1-7-2_R2	27.36473358942993	47.0	75.0	0.0	30360775.0
GG11_R1	9.705942086959155	49.0	225.153896	9.090909090909092	1000000.0
GG11_R2	8.080273006572298	49.0	225.516903	9.090909090909092	1000000.0
GN0001_R1	17.684731404873162	49.0	150.0	0.0	12269860.0
GN0001_R2	16.006817817864402	49.0	150.0	0.0	12269860.0
GY0040_R1	21.50881440265833	50.0	150.0	0.0	10306131.0
GY0040_R2	19.28408465323446	50.0	150.0	0.0	10306131.0
HO_R1	21.606749234453787	50.0	206.4229963246602	18.181818181818183	5917276.0
HO_R2	17.67270331359353	50.0	207.34330239116784	18.181818181818183	5917276.0
IA1_R1	18.875213280171835	50.0	234.7860343102055	9.090909090909092	3112485.0
IA1_R2	16.07190610420996	50.0	235.06466537188132	9.090909090909092	3112485.0
IB33_R1	17.615157289161658	49.0	246.71252277509967	9.090909090909092	1487370.0
IB33_R2	14.921661028882909	50.0	247.08141014004585	18.181818181818183	1487370.0
IB49_R1	24.565674987051878	49.0	199.47887112416473	9.090909090909092	5253545.0
IB49_R2	22.31895083720589	49.0	200.24881046988273	9.090909090909092	5253545.0
IC17_R1	19.569996997946163	49.0	211.777853483894	9.090909090909092	3350676.0
IC17_R2	17.79713509292776	50.0	212.01877471889256	9.090909090909092	3350676.0
IE1K_R1	30.805993516183193	50.0	239.1538713445889	9.090909090909092	7756207.0
IN0017_R1	20.906335588360747	49.0	151.0	0.0	6632096.0
IN0017_R2	17.76523047759686	49.0	151.0	0.0	6632096.0
IN0054_R1	23.32813502360466	50.0	151.0	0.0	12337576.0
IN0054_R2	20.653932293466355	50.0	151.0	0.0	12337576.0
IN0059_R1	19.603755102995535	49.0	151.0	0.0	5550111.0
IN0059_R2	17.2139368139308	49.0	151.0	0.0	5550111.0
IN0114_R1	22.794594461427337	50.0	151.0	0.0	11810162.0
IN0114_R2	20.387647647826967	50.0	151.0	0.0	11810162.0
IN0115_R1	24.197890326024577	50.0	151.0	0.0	13173876.0
IN0115_R2	21.050404769145274	50.0	151.0	0.0	13173876.0
IN0116_R1	24.832217193306562	50.0	151.0	0.0	13320426.0
IN0116_R2	21.961422133505295	50.0	151.0	0.0	13320426.0
INA168_R1	26.12294077240209	48.0	75.0	18.181818181818183	28816283.0
INA168_R2	26.535929878852855	48.0	75.0	0.0	28816283.0
IR00102_R1	21.51780931497474	49.0	150.0	0.0	16956380.0
IR00102_R2	19.160273698852862	49.0	150.0	0.0	16956380.0
IR0013_R1	20.907891622242545	48.0	150.0	0.0	15097517.0
IR0013_R2	18.005170372051893	48.0	150.0	0.0	15097517.0
IR0015_R1	20.90857012248125	49.0	150.0	0.0	13992874.0
IR0015_R2	18.283673139069663	49.0	150.0	0.0	13992874.0
IR0083_R1	17.717637187307943	49.0	150.0	0.0	11442190.0
IR0083_R2	15.611529174863165	49.0	150.0	0.0	11442190.0
IR0084_R1	21.657739935073124	48.0	150.0	0.0	17479082.0
IR0084_R2	19.62374810853838	48.0	150.0	0.0	17479082.0
IR0088_R1	27.22559241674287	48.0	150.0	0.0	17848961.0
IR0088_R2	24.213236076577758	48.0	150.0	0.0	17848961.0
IR0095_R1	22.802032498697656	48.0	150.0	0.0	15763533.0
IR0095_R2	20.66732723091569	48.0	150.0	0.0	15763533.0
IT0010_R1	24.542471397747036	50.0	150.0	0.0	16778871.0
IT0010_R2	21.32985171216238	50.0	150.0	0.0	16778871.0
JP0091_R1	20.159038577034693	50.0	150.0	0.0	14264726.0
JP0091_R2	17.995067005454445	50.0	150.0	0.0	14264726.0
LpKY-97-1_R1	19.180038674563605	49.0	173.8978812656664	9.090909090909092	5633080.0
LpKY-97-1_R2	18.851935201903416	49.0	174.84689352893977	9.090909090909092	5633080.0
ML0060_R1	20.362276582648676	50.0	150.0	0.0	13678921.0
ML0060_R2	18.668724464607166	51.0	150.0	0.0	13678921.0
ML0062_R1	22.132670709086653	50.0	151.0	0.0	8976477.0
ML0062_R2	19.563482262541925	50.0	151.0	0.0	8976477.0
ML33_R1	24.962655486832148	50.0	226.44200147789877	9.090909090909092	3553694.0
ML33_R2	23.508859698708548	50.0	227.3346360153688	9.090909090909092	3553694.0
NG0012_R1	20.107201957134663	50.0	151.0	0.0	7106748.0
NG0012_R2	17.771060250483444	50.0	151.0	0.0	7106748.0
NG0054_R1	20.756767104574863	50.0	151.0	0.0	9342286.0
NG0054_R2	17.918042064715166	50.0	151.0	0.0	9342286.0
NP0058_R1	23.545782683362518	50.0	151.0	0.0	12773549.0
NP0058_R2	19.863343367440493	50.0	151.0	0.0	12773549.0
P28_R1	11.575803268870231	50.0	300.0	9.090909090909092	8979346.0
P28_R2	10.474886484929641	51.0	300.0	18.181818181818183	8979346.0
P29_R1	12.282256932192425	50.0	300.0	9.090909090909092	9335380.0
P29_R2	12.282256932192425	50.0	300.0	9.090909090909092	9335380.0
P3_R1	15.227303394569816	50.0	300.0	18.181818181818183	16130764.0
P3_R2	12.361463582387572	50.0	300.0	36.36363636363637	16130764.0
PH42_R1	4.673104223223305	48.0	247.50612513107734	0.0	1302666.0
PH42_R2	4.382639944307655	49.0	247.576364163953	0.0	1302666.0
PL2-1_R1	22.47559929844776	49.0	228.00548738769024	10.0	5402024.0
PL2-1_R2	20.53101360828026	50.0	228.37181859984332	10.0	5402024.0
Pg1213-22_R1	16.805860833486392	50.0	195.85103027055607	9.090909090909092	3941586.0
Pg1213-22_R2	15.83338253939715	50.0	197.51410295246635	18.181818181818183	3941586.0
PgKY4OV2-1_R1	11.88651691519307	51.0	99.2206833421141	0.0	16131861.0
PgKY4OV2-1_R2	10.828982634474144	52.0	98.25176438105932	0.0	16131861.0
PgPA18C-02_R1	9.549550509451024	50.0	99.2305506065883	0.0	20869674.0
PgPA18C-02_R2	8.6040303511965	50.0	97.98428437358437	0.0	20869674.0
SSFL02_R1	17.457024391092318	50.0	215.72981465476752	9.090909090909092	2970187.0
SSFL02_R2	15.71894441774036	50.0	217.57804340265446	18.181818181818183	2970187.0
SSFL14-3_R1	20.444995064927284	48.0	222.06632564362582	9.090909090909092	3065873.0
SSFL14-3_R2	18.693359047272907	49.0	223.4186324743393	18.181818181818183	3065873.0
T25_R1	11.731451761191934	51.0	250.0	9.090909090909092	13229717.0
T25_R2	11.149540947540004	51.0	250.0	18.181818181818183	13229717.0
TG0004_R1	19.24434434484158	50.0	151.0	0.0	7836183.0
TG0004_R2	17.26319670687529	50.0	151.0	0.0	7836183.0
TG0032_R1	22.227796099932178	50.0	151.0	0.0	11539189.0
TG0032_R2	19.130673105455344	50.0	151.0	0.0	11539189.0
TN0001_R1	21.597666783754747	50.0	151.0	0.0	9031422.0
TN0001_R2	19.151572155713055	50.0	151.0	0.0	9031422.0
TN0002_R1	23.442720138829458	50.0	151.0	0.0	11034274.0
TN0002_R2	20.478112428003186	50.0	151.0	0.0	11034274.0
TN0050_R1	19.614848073775477	51.0	150.0	0.0	11636071.0
TN0050_R2	17.008180228010744	51.0	150.0	0.0	11636071.0
TN0057_R1	22.785465245655658	50.0	151.0	0.0	11732409.0
TN0057_R2	19.620109340665593	50.0	151.0	0.0	11732409.0
TN0065_R1	24.374998203394824	50.0	151.0	0.0	14702538.0
TN0065_R2	20.72494088498503	49.0	151.0	0.0	14702538.0
TN0090_R1	22.01849440357873	50.0	151.0	0.0	11611731.0
TN0090_R2	18.898360714238407	50.0	151.0	0.0	11611731.0
TR0025_R1	21.655297767997723	51.0	150.0	0.0	14654436.0
TR0025_R2	19.09945624766351	51.0	150.0	0.0	14654436.0
US0041_R1	21.09123372944491	50.0	151.0	0.0	7987470.0
US0041_R2	18.65193364617177	50.0	151.0	0.0	7987470.0
US0064_R1	24.406075914084994	49.0	150.0	0.0	14805986.0
US0064_R2	21.654003251348954	49.0	150.0	0.0	14805986.0
VT0027_R1	22.090125517428177	50.0	151.0	0.0	7284224.0
VT0027_R2	19.474287773001535	50.0	151.0	0.0	7284224.0
VT0030_R1	20.93541930681026	50.0	151.0	0.0	9220111.0
VT0030_R2	18.632092752462825	50.0	151.0	0.0	9220111.0
Z2-1_R1	21.95659138876084	49.0	75.0	9.090909090909092	30523217.0
Z2-1_R2	21.672813465025456	49.0	75.0	9.090909090909092	30523217.0
