	37	42	47	52	57	62	67	72	77	82	87	92	97	102	107	112	117	122	127	132	137	142	147	150
AG0004_R1_paired	185245.0	162547.0	81868.0	57156.0	45891.0	46957.0	50396.0	49937.0	63669.0	28540.0	29115.0	33122.0	41217.0	45971.0	55571.0	58616.0	71285.0	86512.0	113450.0	126585.0	135887.0	159094.0	352765.0	5190567.0
	37	42	47	52	57	62	67	72	77	82	87	92	97	102	107	112	117	122	127	132	137	142	147	150
AG0004_R2_paired	185895.0	218111.0	223651.0	221925.0	222932.0	222878.0	226610.0	226641.0	231820.0	113699.0	113843.0	135470.0	155953.0	169346.0	190017.0	216113.0	244031.0	280440.0	308859.0	332142.0	366701.0	377019.0	478369.0	1809498.0
	37	42	47	52	57	62	67	72	77	82	87	92	97	102	107	112	117	122	127	132	137	142	147	152	157	162	167	172	177	182	187	192	197	202	207	212	217	222	227	232	237	242	247	251
Arcadia_R1_paired	1487.0	1865.0	1814.0	1890.0	1880.0	1825.0	2500.0	2485.0	2239.0	2479.0	2601.0	2760.0	3049.0	3067.0	3460.0	3797.0	4077.0	3632.0	4310.0	4484.0	4639.0	4810.0	5246.0	5888.0	6028.0	5458.0	5947.0	6344.0	7015.0	7959.0	7919.0	9915.0	10126.0	10994.0	10872.0	10991.0	12954.0	13599.0	14936.0	15822.0	16363.0	17744.0	94756.0	818702.0
	37	42	47	52	57	62	67	72	77	82	87	92	97	102	107	112	117	122	127	132	137	142	147	152	157	162	167	172	177	182	187	192	197	202	207	212	217	222	227	232	237	242	247	251
Arcadia_R2_paired	2948.0	5584.0	6555.0	6421.0	5688.0	4815.0	5201.0	5492.0	5705.0	5686.0	6198.0	5833.0	6488.0	6459.0	6927.0	7565.0	8045.0	8403.0	9355.0	10625.0	11320.0	13970.0	12983.0	15540.0	15854.0	19029.0	19732.0	22415.0	28324.0	32809.0	31220.0	38672.0	41774.0	44864.0	45459.0	47991.0	57298.0	60027.0	56591.0	56973.0	56689.0	54218.0	76925.0	190058.0
	37	42	47	52	57	62	67	72	77	82	87	92	97	102	107	112	117	122	127	132	137	142	147	152	157	162	167	172	177	182	187	192	197	202	207	212	217	222	227	232	237	242	247	250
B2_R1_paired	356.0	494.0	449.0	467.0	470.0	512.0	492.0	525.0	539.0	548.0	560.0	622.0	672.0	678.0	745.0	765.0	845.0	879.0	949.0	955.0	961.0	1061.0	1104.0	1274.0	1390.0	1476.0	1593.0	1705.0	1772.0	2027.0	2267.0	2345.0	2671.0	2903.0	3168.0	3487.0	3942.0	4459.0	4512.0	5302.0	5546.0	6330.0	40357.0	115931.0
	37	42	47	52	57	62	67	72	77	82	87	92	97	102	107	112	117	122	127	132	137	142	147	152	157	162	167	172	177	182	187	192	197	202	207	212	217	222	227	232	237	242	247	250
B2_R2_paired	884.0	1446.0	1770.0	1686.0	1694.0	1621.0	1717.0	1722.0	1733.0	1780.0	2023.0	2015.0	2043.0	2250.0	2341.0	2541.0	2894.0	3141.0	3433.0	3516.0	3973.0	4122.0	4525.0	4802.0	5317.0	5770.0	6107.0	6894.0	7142.0	7565.0	7998.0	8437.0	8330.0	8908.0	9429.0	9391.0	9432.0	9126.0	8517.0	8225.0	7562.0	6703.0	15936.0	13546.0
	34	44	54	64	74	84	94	104	114	124	134	144	154	164	174	184	194	204	214	224	234	244	254	264	274	284	294	300
B71_R1_paired	65586.0	154127.0	144645.0	136175.0	132855.0	132362.0	142857.0	150692.0	165871.0	150605.0	145828.0	151050.0	166435.0	195435.0	229643.0	285327.0	366280.0	437278.0	576781.0	514342.0	568968.0	648423.0	680148.0	659561.0	634128.0	566242.0	1049685.0	322039.0
	34	44	54	64	74	84	94	104	114	124	134	144	154	164	174	184	194	204	214	224	234	244	254	264	274	284	292
B71_R2_paired	133356.0	402600.0	363615.0	328524.0	309391.0	297626.0	266081.0	298181.0	297611.0	347771.0	373290.0	435967.0	504959.0	518541.0	970609.0	693454.0	686882.0	458699.0	454801.0	442973.0	351313.0	272731.0	191121.0	94982.0	50154.0	26005.0	2131.0
	37	42	47	52	57	62	67	72	77	82	87	92	97	102	107	112	117	122	127	132	137	142	147	151
BF0072_R1_paired	15580.0	22189.0	22023.0	24519.0	30118.0	37715.0	51290.0	71994.0	135591.0	68265.0	86850.0	104989.0	120471.0	135691.0	150474.0	161159.0	169316.0	182943.0	187690.0	193794.0	194209.0	198051.0	224204.0	3138312.0
	37	42	47	52	57	62	67	72	77	82	87	92	97	102	107	112	117	122	127	132	137	142	147	151
BF0072_R2_paired	145410.0	169677.0	155708.0	149844.0	155442.0	142511.0	143246.0	146913.0	166103.0	89135.0	98826.0	112130.0	125340.0	143773.0	163695.0	191406.0	224386.0	256404.0	266501.0	294943.0	319307.0	299402.0	309211.0	1458124.0
	37	42	47	52	57	62	67	72	77	82	87	92	97	102	107	112	117	122	127	132	137	142	147	151
BN0019_R1_paired	17907.0	25936.0	21764.0	22398.0	23606.0	24564.0	26710.0	37585.0	58681.0	23081.0	24849.0	27816.0	30064.0	34189.0	38303.0	42915.0	47831.0	57720.0	66417.0	77266.0	87885.0	104501.0	143670.0	6327509.0
	37	42	47	52	57	62	67	72	77	82	87	92	97	102	107	112	117	122	127	132	137	142	147	151
BN0019_R2_paired	283737.0	351846.0	317838.0	289634.0	283247.0	261539.0	258158.0	252912.0	286370.0	151018.0	158723.0	174819.0	185083.0	204283.0	223028.0	252052.0	284151.0	310489.0	313335.0	332604.0	344362.0	311653.0	308123.0	1254163.0
	37	42	47	52	57	62	67	72	77	82	87	92	97	102	107	112	117	122	127	132	137	142	147	151
BN0119_R1_paired	11046.0	13315.0	13114.0	13594.0	14179.0	14846.0	16796.0	18780.0	24236.0	13484.0	14889.0	16541.0	18340.0	21023.0	23735.0	26291.0	29456.0	35181.0	40517.0	47057.0	54046.0	63566.0	86226.0	3552801.0
	37	42	47	52	57	62	67	72	77	82	87	92	97	102	107	112	117	122	127	132	137	142	147	151
BN0119_R2_paired	125674.0	162210.0	149758.0	137985.0	137430.0	124694.0	125363.0	123863.0	135753.0	72442.0	80372.0	89614.0	95952.0	106155.0	117421.0	134631.0	154537.0	173364.0	176856.0	193732.0	207189.0	194693.0	199754.0	963617.0
	37	42	47	52	57	62	67	72	77	82	87	92	97	102	107	112	117	122	127	132	137	142	147	151
BN0123_R1_paired	40790.0	53360.0	34462.0	25693.0	22422.0	21784.0	22278.0	24767.0	32955.0	16697.0	18334.0	20631.0	23149.0	26777.0	31095.0	34395.0	39655.0	47932.0	55589.0	65893.0	75614.0	89756.0	121781.0	4000978.0
	37	42	47	52	57	62	67	72	77	82	87	92	97	102	107	112	117	122	127	132	137	142	147	151
BN0123_R2_paired	128864.0	162090.0	155409.0	150688.0	155181.0	142372.0	145084.0	147269.0	152885.0	84312.0	94489.0	106693.0	114902.0	130071.0	145607.0	166528.0	191507.0	214898.0	217503.0	237872.0	252744.0	235439.0	241936.0	1172444.0
	37	42	47	52	57	62	67	72	77	82	87	92	97	102	107	112	117	122	127	132	137	142	147	151
BN0202_R1_paired	13029.0	16210.0	15827.0	16067.0	17367.0	18213.0	20036.0	22689.0	28776.0	16484.0	17756.0	19906.0	22214.0	24856.0	28342.0	31449.0	35278.0	41772.0	48494.0	56640.0	65022.0	77149.0	105828.0	4655811.0
	37	42	47	52	57	62	67	72	77	82	87	92	97	102	107	112	117	122	127	132	137	142	147	151
BN0202_R2_paired	184014.0	233893.0	217242.0	201336.0	198588.0	181550.0	183161.0	180391.0	191517.0	104114.0	114797.0	126604.0	134453.0	149723.0	163083.0	185129.0	209982.0	231027.0	233476.0	252074.0	261812.0	238552.0	237858.0	1000839.0
	37	42	47	52	57	62	67	72	77	82	87	92	97	102	107	112	117	122	127	132	137	142	147	151
BN0252_R1_paired	19719.0	24355.0	24040.0	24619.0	26138.0	27456.0	30691.0	34273.0	44361.0	24587.0	27294.0	30355.0	33812.0	38549.0	43357.0	47959.0	53891.0	64724.0	75122.0	87241.0	99508.0	119001.0	160346.0	6340547.0
	37	42	47	52	57	62	67	72	77	82	87	92	97	102	107	112	117	122	127	132	137	142	147	151
BN0252_R2_paired	228673.0	286026.0	258571.0	236912.0	234460.0	210510.0	213197.0	213095.0	234089.0	123838.0	137363.0	152040.0	163040.0	182754.0	201578.0	231689.0	267066.0	305204.0	310340.0	345330.0	373879.0	352307.0	368341.0	1871643.0
	37	42	47	52	57	62	67	72	77	82	87	92	97	102	107	112	117	122	127	132	137	142	147	152	157	162	167	172	177	182	187	192	197	202	207	212	217	222	227	232	237	242	247	251
Bd8401_R1_paired	3373.0	4544.0	5132.0	4360.0	4793.0	4549.0	4694.0	4622.0	4659.0	4904.0	5024.0	5493.0	5785.0	6164.0	6604.0	6447.0	6801.0	7418.0	7515.0	7831.0	8194.0	8695.0	9444.0	9634.0	9813.0	10679.0	11201.0	11644.0	12173.0	12912.0	13194.0	13887.0	14888.0	14877.0	15063.0	15888.0	16030.0	16849.0	17536.0	18212.0	18661.0	18846.0	67699.0	498828.0
	37	42	47	52	57	62	67	72	77	82	87	92	97	102	107	112	117	122	127	132	137	142	147	152	157	162	167	172	177	182	187	192	197	202	207	212	217	222	227	232	237	242	247	251
Bd8401_R2_paired	12062.0	16078.0	19080.0	17180.0	15655.0	14588.0	14027.0	15013.0	14678.0	14585.0	14569.0	14294.0	15064.0	15505.0	14987.0	16158.0	16422.0	17295.0	17901.0	17367.0	18516.0	18994.0	19396.0	20864.0	21825.0	22724.0	23010.0	24586.0	23997.0	23876.0	25633.0	25865.0	26044.0	25879.0	25641.0	25345.0	24888.0	24824.0	24306.0	23871.0	20988.0	20725.0	33677.0	117577.0
	37	42	47	52	57	62	67	72	77	82	87	92	97	102	107	112	117	122	127	132	137	142	147	152	157	162	167	172	177	182	187	192	197	202	207	212	217	222	227	232	237	242	247	251
BdBar_R1_paired	22206.0	25885.0	28048.0	30754.0	31176.0	33757.0	36618.0	40407.0	42467.0	46136.0	49038.0	51519.0	54811.0	59918.0	61364.0	66488.0	70816.0	75792.0	76229.0	78026.0	96057.0	87889.0	87168.0	87359.0	89300.0	91462.0	90871.0	88350.0	89088.0	89270.0	90144.0	87281.0	86503.0	87479.0	80924.0	76286.0	73646.0	71328.0	69406.0	94136.0	116355.0	86747.0	150601.0	543317.0
	37	42	47	52	57	62	67	72	77	82	87	92	97	102	107	112	117	122	127	132	137	142	147	152	157	162	167	172	177	182	187	192	197	202	207	212	217	222	227	232	237	242
BdBar_R2_paired	51323.0	64642.0	67071.0	64591.0	63664.0	64947.0	67612.0	75294.0	82080.0	82658.0	182122.0	82392.0	79811.0	82547.0	86419.0	92182.0	97164.0	98704.0	101385.0	101426.0	103501.0	103067.0	124347.0	105360.0	93765.0	92786.0	94789.0	90824.0	90302.0	89041.0	83663.0	80503.0	78895.0	74610.0	79386.0	114702.0	68324.0	96528.0	104436.0	105155.0	19686.0	10718.0
	37	42	47	52	57	62	67	72	77	82	87	92	97	102	107	112	117	122	127	132	137	142	147	152	157	162	167	172	177	182	187	192	197	202	207	212	217	222	227	232	237	242	247	251
Bm88324_R1_paired	3745.0	5151.0	5509.0	4898.0	5334.0	5190.0	5262.0	5133.0	5158.0	5392.0	5726.0	5910.0	6391.0	6787.0	7283.0	7305.0	7633.0	8255.0	8396.0	8614.0	9064.0	9332.0	10384.0	10868.0	10864.0	11450.0	12127.0	12792.0	13591.0	14174.0	14601.0	15374.0	16434.0	17065.0	16798.0	17874.0	18861.0	19660.0	20711.0	22193.0	22955.0	23449.0	94110.0	739191.0
	37	42	47	52	57	62	67	72	77	82	87	92	97	102	107	112	117	122	127	132	137	142	147	152	157	162	167	172	177	182	187	192	197	202	207	212	217	222	227	232	237	242	247	251
Bm88324_R2_paired	19563.0	24458.0	27845.0	25002.0	23144.0	21506.0	20515.0	21663.0	21337.0	20611.0	20575.0	20105.0	21313.0	21238.0	20527.0	21732.0	22346.0	23229.0	24184.0	23465.0	23992.0	25093.0	25387.0	27609.0	28442.0	29289.0	29204.0	31638.0	30878.0	30716.0	33164.0	33280.0	32802.0	32442.0	32682.0	31774.0	31594.0	31140.0	30390.0	29860.0	26521.0	26176.0	42775.0	155788.0
	34	44	54	64	74	84	94	104	114	124	134	144	154	164	174	184	194	204	214	224	234	244	254	264	274	284	294	300
Br7_R1_paired	45021.0	157655.0	199484.0	217971.0	218109.0	211206.0	197390.0	182290.0	171243.0	156836.0	158202.0	131684.0	120337.0	106577.0	98928.0	91319.0	100620.0	74905.0	70471.0	65955.0	61106.0	55604.0	53322.0	49641.0	46153.0	40657.0	121281.0	57940.0
	34	44	54	64	74	84	94	104	114	124	134	144	154	164	174	184	194	204	214	224	234	244	254	264	274	284	294	300
Br7_R2_paired	61318.0	192217.0	230191.0	258418.0	262767.0	253300.0	232547.0	214068.0	197699.0	180984.0	158282.0	148740.0	134856.0	137476.0	110729.0	98150.0	87792.0	78051.0	63373.0	57515.0	41551.0	35088.0	16211.0	6511.0	2706.0	1006.0	329.0	32.0
	34	44	54	64	74	84	94	104	114	124	134	144	154	164	174	184	194	204	214	224	234	244	254	264	274	284	294	300
Br80_R1_paired	24422.0	66465.0	66878.0	65445.0	66281.0	69933.0	71503.0	72863.0	79416.0	81809.0	115758.0	92233.0	97498.0	97813.0	106360.0	112970.0	165966.0	121220.0	128905.0	135954.0	139315.0	138042.0	143053.0	144697.0	145196.0	134977.0	510469.0	259163.0
	34	44	54	64	74	84	94	104	114	124	134	144	154	164	174	184	194	204	214	224	234	244	254	264	274	284	294	300
Br80_R2_paired	55750.0	134218.0	124655.0	129942.0	135460.0	139261.0	136073.0	137821.0	143759.0	147750.0	141285.0	155389.0	164096.0	205231.0	180520.0	181755.0	185537.0	189068.0	171505.0	182083.0	148813.0	143530.0	71929.0	30536.0	12889.0	4452.0	1185.0	112.0
	37	42	47	52	57	62	67	72	77	82	87	92	97	102	107	112	117	122	127	132	137	142	147	151
CD0065_R1_paired	16168.0	21111.0	19990.0	20693.0	21766.0	23034.0	25179.0	30552.0	40922.0	20826.0	22674.0	25434.0	28210.0	32041.0	35868.0	39900.0	44624.0	53253.0	61475.0	71882.0	81966.0	96855.0	131346.0	5372705.0
	37	42	47	52	57	62	67	72	77	82	87	92	97	102	107	112	117	122	127	132	137	142	147	151
CD0065_R2_paired	226840.0	276180.0	246849.0	222461.0	217694.0	196299.0	196436.0	194360.0	213272.0	113737.0	123832.0	136226.0	145254.0	161675.0	178167.0	203175.0	232602.0	260316.0	263291.0	288538.0	306725.0	285834.0	290945.0	1357766.0
	37	42	47	52	57	62	67	72	77	82	87	92	97	102	107	112	117	122	127	132	137	142	147	151
CD0142_R1_paired	23330.0	29173.0	28744.0	29192.0	30558.0	32416.0	36424.0	40635.0	53079.0	29359.0	32227.0	36012.0	40300.0	45359.0	51411.0	57120.0	63774.0	76202.0	87995.0	102398.0	116122.0	138273.0	187744.0	7690283.0
	37	42	47	52	57	62	67	72	77	82	87	92	97	102	107	112	117	122	127	132	137	142	147	151
CD0142_R2_paired	382045.0	424988.0	355825.0	308446.0	293069.0	258405.0	256365.0	253875.0	275033.0	145043.0	158855.0	175027.0	188074.0	210500.0	233542.0	269002.0	311173.0	356469.0	364229.0	406729.0	438876.0	414429.0	431303.0	2146828.0
	37	42	47	52	57	62	67	72	77	82	87	92	97	102	107	112	117	122	127	132	137	142	147	151
CH0043_R1_paired	23823.0	30794.0	28562.0	29452.0	31053.0	32210.0	35048.0	42749.0	59928.0	29609.0	32262.0	35584.0	39245.0	44591.0	50149.0	55163.0	61460.0	74104.0	84007.0	99041.0	111802.0	133406.0	183541.0	8014833.0
	37	42	47	52	57	62	67	72	77	82	87	92	97	102	107	112	117	122	127	132	137	142	147	151
CH0043_R2_paired	328173.0	407678.0	368482.0	337661.0	332585.0	304031.0	304590.0	301934.0	331247.0	176805.0	191991.0	212409.0	227713.0	253183.0	278786.0	314906.0	357726.0	397086.0	402308.0	434902.0	456824.0	419304.0	418432.0	1803660.0
	37	42	47	52	57	62	67	72	77	82	87	92	97	102	107	112	117	122	127	132	137	142	147	151
CH0072_R1_paired	18733.0	26342.0	22185.0	23447.0	24826.0	25159.0	28002.0	44550.0	71721.0	23451.0	24819.0	27974.0	31083.0	34957.0	39068.0	42810.0	48427.0	57824.0	65942.0	76958.0	87417.0	103211.0	140506.0	5680409.0
	37	42	47	52	57	62	67	72	77	82	87	92	97	102	107	112	117	122	127	132	137	142	147	151
CH0072_R2_paired	199866.0	258823.0	238773.0	220904.0	223898.0	205076.0	203903.0	202447.0	254274.0	128721.0	131043.0	145428.0	156555.0	175224.0	193013.0	220028.0	253125.0	283306.0	288485.0	316811.0	337511.0	313509.0	321287.0	1497811.0
	37	42	47	52	57	62	67	72	77	82	87	92	97	102	107	112	117	122	127	132	137	142	147	151
CH0452_R1_paired	44586.0	56569.0	36979.0	27224.0	23611.0	22621.0	23583.0	25536.0	31922.0	17763.0	19097.0	21751.0	24311.0	28069.0	32465.0	36096.0	41566.0	50334.0	58878.0	69347.0	78768.0	94680.0	128052.0	4281408.0
	37	42	47	52	57	62	67	72	77	82	87	92	97	102	107	112	117	122	127	132	137	142	147	151
CH0452_R2_paired	130203.0	164203.0	156577.0	152179.0	157016.0	146530.0	148312.0	150718.0	155243.0	85881.0	97734.0	110423.0	121305.0	135831.0	153073.0	176289.0	203987.0	229163.0	233139.0	255361.0	275282.0	256437.0	264994.0	1315336.0
	37	42	47	52	57	62	67	72	77	82	87	92	97	102	107	112	117	122	127	132	137	142	147	151
CH0461_R1_paired	20703.0	25873.0	24782.0	25923.0	27061.0	28798.0	31810.0	36257.0	46488.0	25893.0	28226.0	31850.0	35296.0	39397.0	44178.0	49318.0	54961.0	65139.0	75757.0	88280.0	100457.0	119158.0	164003.0	7095350.0
	37	42	47	52	57	62	67	72	77	82	87	92	97	102	107	112	117	122	127	132	137	142	147	151
CH0461_R2_paired	303332.0	385561.0	354776.0	331215.0	322781.0	293792.0	294615.0	287853.0	304216.0	164070.0	181741.0	198779.0	211028.0	233320.0	254587.0	285966.0	321549.0	350644.0	351192.0	375141.0	388458.0	350067.0	343965.0	1396310.0
	37	42	47	52	57	62	67	72	77	82	87	92	97	102	107	112	117	122	127	132	137	142	147	151
CH0533_R1_paired	15340.0	18753.0	18947.0	19127.0	20034.0	21580.0	24119.0	27332.0	36601.0	19181.0	21119.0	23676.0	26848.0	30188.0	34178.0	38475.0	42481.0	51281.0	58983.0	68557.0	78502.0	93433.0	126670.0	4832476.0
	37	42	47	52	57	62	67	72	77	82	87	92	97	102	107	112	117	122	127	132	137	142	147	151
CH0533_R2_paired	178114.0	222152.0	200994.0	183023.0	181727.0	164005.0	164908.0	164764.0	181309.0	95692.0	105788.0	117400.0	125459.0	140635.0	156172.0	179348.0	208259.0	235816.0	240002.0	267465.0	287434.0	271373.0	279887.0	1396155.0
	37	42	47	52	57	62	67	72	77	82	87	92	97	102	107	112	117	122	127	132	137	142	147	151
CH1103_R1_paired	13531.0	17178.0	16667.0	17118.0	17776.0	18522.0	20995.0	23071.0	29381.0	16709.0	18500.0	20293.0	22474.0	25627.0	28565.0	31839.0	35639.0	42363.0	47963.0	56458.0	63757.0	75840.0	102728.0	4239754.0
	37	42	47	52	57	62	67	72	77	82	87	92	97	102	107	112	117	122	127	132	137	142	147	151
CH1103_R2_paired	165010.0	202472.0	180254.0	163405.0	160284.0	145056.0	146221.0	144445.0	158628.0	84621.0	93828.0	103681.0	110209.0	122322.0	136838.0	156128.0	179833.0	204423.0	207002.0	228816.0	246875.0	232707.0	240054.0	1189636.0
	37	42	47	52	57	62	67	72	77	82	87	92	97	102	107	112	117	122	127	132	137	142	147	151
CH1164_R1_paired	11100.0	14427.0	13613.0	14012.0	14665.0	15642.0	17337.0	19835.0	26932.0	14032.0	15400.0	17039.0	18979.0	21553.0	24375.0	27044.0	30364.0	35752.0	41271.0	48210.0	54847.0	65102.0	87738.0	3499962.0
	37	42	47	52	57	62	67	72	77	82	87	92	97	102	107	112	117	122	127	132	137	142	147	151
CH1164_R2_paired	180939.0	198917.0	166294.0	143458.0	136249.0	120646.0	119511.0	117677.0	128593.0	68429.0	74020.0	81684.0	87860.0	98132.0	108966.0	125298.0	145026.0	165268.0	169104.0	187130.0	201529.0	188886.0	195372.0	940243.0
	34	44	54	64	74	84	94	104	114	124	134	144	154	164	174	184	194	204	214	224	234	244	254	264	274	284	294	300
CHW_R1_paired	9601.0	27192.0	28567.0	28666.0	28322.0	29588.0	29767.0	29946.0	31496.0	32037.0	46249.0	34474.0	36220.0	35089.0	38120.0	40221.0	68442.0	44475.0	48543.0	52778.0	56302.0	57501.0	62998.0	67068.0	71484.0	69397.0	321350.0	173019.0
	34	44	54	64	74	84	94	104	114	124	134	144	154	164	174	184	194	204	214	224	234	244	254	264	274	284	294	300
CHW_R2_paired	31393.0	73864.0	67947.0	69117.0	70129.0	69394.0	66523.0	66540.0	67760.0	67172.0	63403.0	69002.0	71093.0	89236.0	76769.0	76869.0	79285.0	81118.0	73512.0	79733.0	66000.0	64228.0	33143.0	15292.0	7016.0	2571.0	728.0	75.0
	37	42	47	52	57	62	67	72	77	82	87	92	97	102	107	112	117	122	127	132	137	142	147	150
CM0028_R1_paired	42830.0	54996.0	55625.0	62357.0	62172.0	68928.0	77991.0	80773.0	104179.0	49653.0	51412.0	57130.0	71972.0	79382.0	93594.0	98028.0	117060.0	139595.0	182914.0	204726.0	214927.0	251230.0	571522.0	9758961.0
	37	42	47	52	57	62	67	72	77	82	87	92	97	102	107	112	117	122	127	132	137	142	147	150
CM0028_R2_paired	345774.0	439959.0	447927.0	439190.0	426084.0	413216.0	414510.0	407919.0	447336.0	217470.0	211594.0	244926.0	275206.0	296270.0	328896.0	368696.0	412228.0	469079.0	514315.0	553783.0	608053.0	624025.0	786125.0	2859376.0
	37	42	47	52	57	62	67	72	77	82	87	92	97	102	107	112	117	122	127	132	137	142	147	150
FR1067_R1_paired	37304.0	49012.0	48265.0	53552.0	52553.0	57219.0	63503.0	64889.0	87766.0	41725.0	42749.0	47824.0	60301.0	65962.0	76642.0	81107.0	95891.0	114238.0	148103.0	165954.0	173013.0	201333.0	451715.0	7687916.0
	37	42	47	52	57	62	67	72	77	82	87	92	97	102	107	112	117	122	127	132	137	142	147	150
FR1067_R2_paired	364127.0	422571.0	386372.0	349856.0	327996.0	306397.0	300106.0	288898.0	333013.0	163737.0	153955.0	175767.0	195602.0	208068.0	230726.0	261575.0	294091.0	337111.0	375638.0	413895.0	458262.0	482207.0	629858.0	2508708.0
	37	42	47	52	57	62	67	72	77	82	87	92	97	102	107	112	117	122	127	132	137	142	147	150
FR1069_R1_paired	42238.0	55627.0	54145.0	59028.0	57637.0	63057.0	70190.0	73689.0	103372.0	46704.0	47356.0	53176.0	65065.0	72556.0	85752.0	89020.0	106255.0	127192.0	163906.0	182402.0	192370.0	222429.0	500452.0	8779664.0
	37	42	47	52	57	62	67	72	77	82	87	92	97	102	107	112	117	122	127	132	137	142	147	150
FR1069_R2_paired	300694.0	385274.0	386982.0	369795.0	362857.0	351726.0	349779.0	343504.0	396685.0	198778.0	186037.0	212785.0	238283.0	254958.0	283365.0	319588.0	356662.0	409116.0	449801.0	492427.0	542451.0	565690.0	727296.0	2828749.0
	37	42	47	52	57	62	67	72	77	82	87	92	97	102	107	112	117	122	127	132	137	142	147	152	157	162	167	172	177	182	187	192	197	202	207	212	217	222	227	232	237	242	247	251
G17_R1_paired	5913.0	8172.0	8928.0	8006.0	8382.0	8154.0	8135.0	8134.0	8378.0	8703.0	9035.0	9645.0	10156.0	10835.0	11385.0	11451.0	11995.0	12789.0	13356.0	13562.0	14320.0	14616.0	16594.0	17095.0	17484.0	18426.0	19878.0	20772.0	22022.0	23130.0	24084.0	25526.0	27195.0	28162.0	28504.0	30102.0	31127.0	32869.0	35568.0	36809.0	38066.0	39749.0	147317.0	1151748.0
	37	42	47	52	57	62	67	72	77	82	87	92	97	102	107	112	117	122	127	132	137	142	147	152	157	162	167	172	177	182	187	192	197	202	207	212	217	222	227	232	237	242	247	251
G17_R2_paired	28483.0	38145.0	43949.0	39407.0	35740.0	33082.0	31745.0	33992.0	32996.0	32124.0	32071.0	31676.0	33133.0	33604.0	32233.0	33951.0	34965.0	36633.0	37769.0	36923.0	38392.0	39836.0	40577.0	43665.0	44921.0	46354.0	46984.0	50186.0	49654.0	48884.0	52443.0	53371.0	53238.0	53168.0	53229.0	52199.0	51330.0	50206.0	49677.0	49061.0	43136.0	43362.0	67050.0	242733.0
	37	42	47	52	57	62	67	72	77	82	87	92	97	102	107	112	117	122	127	132	137	142	147	152	157	162	167	172	177	182	187	192	197	202	207	212	217	222	227	232	237	242	247	251
G22_R1_paired	17059.0	27248.0	35089.0	40237.0	48536.0	53267.0	57702.0	59736.0	61434.0	62498.0	63260.0	63567.0	62180.0	61686.0	60927.0	61920.0	60584.0	61176.0	60429.0	61046.0	58732.0	59988.0	58601.0	58382.0	56611.0	57320.0	57260.0	57326.0	56653.0	57058.0	59890.0	59302.0	60132.0	60734.0	61514.0	61498.0	63460.0	63525.0	64697.0	66434.0	66245.0	65063.0	128124.0	629604.0
	37	42	47	52	57	62	67	72	77	82	87	92	97	102	107	112	117	122	127	132	137	142	147	152	157	162	167	172	177	182	187	192	197	202	207	212	217	222	227	232	237	242	247	251
G22_R2_paired	34454.0	48498.0	58316.0	58366.0	59859.0	64089.0	68777.0	73632.0	76335.0	78413.0	75910.0	78028.0	77196.0	77653.0	76684.0	78758.0	81457.0	81894.0	82012.0	80980.0	81582.0	79672.0	79623.0	82689.0	84154.0	83084.0	83811.0	83498.0	83593.0	85890.0	85994.0	83011.0	80952.0	78784.0	76722.0	72124.0	67433.0	60393.0	56406.0	51326.0	45124.0	38071.0	43049.0	89438.0
	36	37	38	39	40	41	42	43	44	45	46	47	48	49	50	51	52	53	54	55	56	57	58	59	60	61	62	63	64	65	66	67	68	69	70	71	72	73	74	75
GFSI1-7-2_R1_paired	74940.0	86816.0	89812.0	87852.0	122357.0	88464.0	100903.0	103784.0	104780.0	149386.0	108942.0	127076.0	132447.0	134394.0	192097.0	139170.0	157615.0	163258.0	162787.0	261740.0	170404.0	202337.0	221683.0	251665.0	384987.0	277923.0	325880.0	364378.0	311021.0	403944.0	281642.0	316720.0	311589.0	306212.0	422866.0	301681.0	334023.0	352698.0	941546.0	14818510.0
	36	37	38	39	40	41	42	43	44	45	46	47	48	49	50	51	52	53	54	55	56	57	58	59	60	61	62	63	64	65	66	67	68	69	70	71	72	73	74	75
GFSI1-7-2_R2_paired	101806.0	111098.0	115184.0	112077.0	148047.0	121638.0	136057.0	142492.0	142016.0	182887.0	148123.0	164503.0	170991.0	159839.0	213623.0	170820.0	191218.0	199565.0	191254.0	256759.0	206300.0	231443.0	239481.0	235285.0	303217.0	240940.0	269092.0	271547.0	261604.0	339942.0	276907.0	296134.0	309354.0	302744.0	401924.0	313999.0	348177.0	386343.0	1040409.0	14435490.0
	37	42	47	52	57	62	67	72	77	82	87	92	97	102	107	112	117	122	127	132	137	142	147	152	157	162	167	172	177	182	187	192	197	202	207	212	217	222	227	232	237	242	247	251
GG11_R1_paired	1558.0	2624.0	3116.0	3644.0	4070.0	4044.0	4327.0	4514.0	4773.0	5671.0	7333.0	6759.0	6898.0	6843.0	6938.0	6988.0	6999.0	7352.0	7207.0	7512.0	8132.0	7663.0	7690.0	8614.0	7762.0	8338.0	8479.0	8878.0	8255.0	8547.0	8762.0	8878.0	9486.0	9166.0	10052.0	9937.0	9907.0	9734.0	10027.0	10625.0	11259.0	10334.0	34092.0	245630.0
	37	42	47	52	57	62	67	72	77	82	87	92	97	102	107	112	117	122	127	132	137	142	147	152	157	162	167	172	177	182	187	192	197	202	207	212	217	222	227	232	237	242	247	251
GG11_R2_paired	5529.0	8557.0	10792.0	10243.0	9799.0	9507.0	9619.0	9850.0	9823.0	8981.0	9648.0	9429.0	9670.0	10023.0	15972.0	16131.0	10719.0	11285.0	11014.0	11932.0	12846.0	13803.0	13419.0	14672.0	14789.0	14637.0	16110.0	16464.0	15833.0	16601.0	17408.0	17134.0	17791.0	16852.0	16577.0	15989.0	15713.0	14795.0	14139.0	13834.0	11713.0	10759.0	13604.0	35412.0
	37	42	47	52	57	62	67	72	77	82	87	92	97	102	107	112	117	122	127	132	137	142	147	150
GN0001_R1_paired	28076.0	37234.0	36459.0	40845.0	40865.0	44107.0	48708.0	51349.0	73081.0	33031.0	33068.0	36846.0	47589.0	50131.0	59080.0	62131.0	74097.0	87716.0	114092.0	129408.0	133752.0	155505.0	349672.0	6075319.0
	37	42	47	52	57	62	67	72	77	82	87	92	97	102	107	112	117	122	127	132	137	142	147	150
GN0001_R2_paired	182509.0	239259.0	244895.0	240367.0	236674.0	234380.0	233331.0	229652.0	270941.0	134345.0	126396.0	145527.0	163942.0	175344.0	195842.0	220963.0	250805.0	287517.0	317663.0	348723.0	386658.0	403285.0	524629.0	2048514.0
	37	42	47	52	57	62	67	72	77	82	87	92	97	102	107	112	117	122	127	132	137	142	147	150
GY0040_R1_paired	23786.0	30904.0	30814.0	34234.0	33621.0	37552.0	42530.0	43854.0	57173.0	27655.0	28139.0	31587.0	40337.0	43620.0	51126.0	53788.0	63880.0	76389.0	99288.0	112672.0	117184.0	136214.0	309298.0	5240673.0
	37	42	47	52	57	62	67	72	77	82	87	92	97	102	107	112	117	122	127	132	137	142	147	150
GY0040_R2_paired	241103.0	278968.0	254987.0	229590.0	215367.0	202737.0	200153.0	194227.0	220965.0	107071.0	101127.0	116372.0	130752.0	139745.0	156562.0	177531.0	200932.0	231323.0	257312.0	284038.0	318447.0	334036.0	437205.0	1735768.0
	37	42	47	52	57	62	67	72	77	82	87	92	97	102	107	112	117	122	127	132	137	142	147	152	157	162	167	172	177	182	187	192	197	202	207	212	217	222	227	232	237	242	247	251
HO_R1_paired	15034.0	25566.0	33518.0	37633.0	42388.0	43114.0	47231.0	46596.0	50577.0	50474.0	54733.0	53377.0	53359.0	53630.0	52105.0	52325.0	51491.0	52901.0	50663.0	51742.0	51398.0	50596.0	49500.0	51001.0	48223.0	49501.0	48266.0	49121.0	46996.0	47730.0	47214.0	47020.0	46871.0	47680.0	47451.0	47295.0	45987.0	46560.0	50024.0	47241.0	47065.0	45998.0	135412.0	932628.0
	37	42	47	52	57	62	67	72	77	82	87	92	97	102	107	112	117	122	127	132	137	142	147	152	157	162	167	172	177	182	187	192	197	202	207	212	217	222	227	232	237	242	247	251
HO_R2_paired	45966.0	58521.0	69921.0	73821.0	72415.0	72918.0	75125.0	74856.0	75951.0	71662.0	75788.0	75582.0	75419.0	75979.0	84492.0	85502.0	74989.0	78418.0	76127.0	79447.0	79007.0	82375.0	77696.0	80084.0	80034.0	79903.0	82675.0	84462.0	77222.0	77048.0	75294.0	76407.0	72127.0	65652.0	61460.0	60630.0	54738.0	49212.0	43959.0	40398.0	34394.0	29686.0	33737.0	74136.0
	37	42	47	52	57	62	67	72	77	82	87	92	97	102	107	112	117	122	127	132	137	142	147	152	157	162	167	172	177	182	187	192	197	202	207	212	217	222	227	232	237	242	247	251
IA1_R1_paired	4782.0	6379.0	6687.0	7060.0	7467.0	8429.0	9018.0	9033.0	9658.0	9933.0	10421.0	11310.0	11689.0	12211.0	12510.0	13510.0	14519.0	15073.0	14913.0	16597.0	17328.0	17711.0	17703.0	18408.0	18936.0	20032.0	20926.0	22072.0	21741.0	22355.0	22113.0	23712.0	25560.0	28609.0	27816.0	26295.0	29389.0	26128.0	29660.0	28750.0	29186.0	29227.0	96648.0	686604.0
	37	42	47	52	57	62	67	72	77	82	87	92	97	102	107	112	117	122	127	132	137	142	147	152	157	162	167	172	177	182	187	192	197	202	207	212	217	222	227	232	237	242	247	251
IA1_R2_paired	13526.0	20411.0	23129.0	24072.0	20599.0	20935.0	20317.0	21600.0	19634.0	19240.0	19330.0	22925.0	21165.0	21511.0	23316.0	24625.0	24507.0	24830.0	27386.0	27357.0	29856.0	30069.0	29020.0	35381.0	39396.0	32552.0	32695.0	41535.0	37406.0	35471.0	41473.0	36680.0	43876.0	40669.0	41734.0	39621.0	40145.0	38263.0	50081.0	44831.0	35496.0	36828.0	51750.0	192865.0
	37	42	47	52	57	62	67	72	77	82	87	92	97	102	107	112	117	122	127	132	137	142	147	152	157	162	167	172	177	182	187	192	197	202	207	212	217	222	227	232	237	242	247	251
IB33_R1_paired	2216.0	2873.0	2866.0	3056.0	3276.0	3282.0	3400.0	3479.0	3200.0	3312.0	3749.0	3543.0	3803.0	4368.0	4545.0	4732.0	5116.0	5336.0	6260.0	6300.0	6918.0	6847.0	7480.0	8399.0	9177.0	10425.0	11530.0	10904.0	12798.0	14072.0	15096.0	16804.0	17396.0	18561.0	20915.0	21254.0	20735.0	22661.0	23529.0	24936.0	24106.0	25034.0	52516.0	277655.0
	37	42	47	52	57	62	67	72	77	82	87	92	97	102	107	112	117	122	127	132	137	142	147	152	157	162	167	172	177	182	187	192	197	202	207	212	217	222	227	232	237	242	247	251
IB33_R2_paired	10268.0	12568.0	14136.0	13616.0	13489.0	13423.0	13456.0	14404.0	14717.0	15114.0	16342.0	15793.0	17779.0	17717.0	19017.0	20059.0	22350.0	23186.0	23291.0	24033.0	25358.0	27201.0	28754.0	28875.0	27758.0	26356.0	25349.0	27027.0	26684.0	25145.0	23991.0	21279.0	19146.0	16710.0	14328.0	12830.0	10820.0	8687.0	6952.0	5431.0	4209.0	3131.0	2840.0	4841.0
	37	42	47	52	57	62	67	72	77	82	87	92	97	102	107	112	117	122	127	132	137	142	147	152	157	162	167	172	177	182	187	192	197	202	207	212	217	222	227	232	237	242	247	251
IB49_R1_paired	14951.0	23171.0	29018.0	31895.0	37279.0	39018.0	43278.0	43173.0	46496.0	46413.0	48398.0	49572.0	50972.0	51345.0	52169.0	53231.0	54021.0	54774.0	53817.0	55734.0	55410.0	55508.0	53560.0	54553.0	53590.0	54532.0	53668.0	54393.0	52710.0	52578.0	51156.0	51562.0	53373.0	55491.0	53742.0	50916.0	52837.0	47936.0	50562.0	48883.0	48016.0	47026.0	125820.0	844684.0
	37	42	47	52	57	62	67	72	77	82	87	92	97	102	107	112	117	122	127	132	137	142	147	152	157	162	167	172	177	182	187	192	197	202	207	212	217	222	227	232	237	242	247	251
IB49_R2_paired	27435.0	45207.0	57889.0	61083.0	58438.0	59044.0	61590.0	64057.0	61628.0	60302.0	61916.0	67259.0	64946.0	65138.0	67749.0	68915.0	67836.0	67975.0	70095.0	69638.0	72012.0	71410.0	68098.0	75681.0	79488.0	68957.0	66755.0	78168.0	69827.0	66385.0	73876.0	64247.0	73381.0	67448.0	66344.0	62200.0	61173.0	57443.0	69906.0	62503.0	49382.0	50306.0	66546.0	231555.0
	37	42	47	52	57	62	67	72	77	82	87	92	97	102	107	112	117	122	127	132	137	142	147	152	157	162	167	172	177	182	187	192	197	202	207	212	217	222	227	232	237	242	247	251
IC17_R1_paired	11762.0	17392.0	20991.0	22348.0	24923.0	25853.0	27470.0	26703.0	28035.0	27225.0	27985.0	27949.0	28242.0	28148.0	27996.0	28693.0	29086.0	29408.0	28104.0	29514.0	29383.0	29199.0	28286.0	28517.0	28044.0	28992.0	29090.0	29660.0	28462.0	28766.0	27868.0	28325.0	30118.0	32928.0	31034.0	28936.0	31299.0	27984.0	30683.0	29260.0	29140.0	28591.0	88795.0	628763.0
	37	42	47	52	57	62	67	72	77	82	87	92	97	102	107	112	117	122	127	132	137	142	147	152	157	162	167	172	177	182	187	192	197	202	207	212	217	222	227	232	237	242	247	251
IC17_R2_paired	16307.0	26959.0	34639.0	36784.0	35006.0	34986.0	35785.0	36647.0	35390.0	34021.0	34314.0	36637.0	35139.0	35157.0	36105.0	36906.0	35725.0	35666.0	37076.0	36794.0	37884.0	38044.0	36394.0	41151.0	43816.0	37902.0	36830.0	45104.0	40268.0	38046.0	43415.0	37936.0	44978.0	41281.0	41930.0	39712.0	40062.0	38312.0	50802.0	45635.0	35987.0	39092.0	58176.0	241150.0
	37	42	47	52	57	62	67	72	77	82	87	92	97	102	107	112	117	122	127	132	137	142	147	151
IN0017_R1_paired	8788.0	11820.0	12045.0	13548.0	15995.0	19302.0	26018.0	35502.0	66257.0	34667.0	45483.0	58460.0	69135.0	80819.0	92752.0	102757.0	111062.0	124515.0	129122.0	137104.0	139455.0	144384.0	164177.0	1942438.0
	37	42	47	52	57	62	67	72	77	82	87	92	97	102	107	112	117	122	127	132	137	142	147	151
IN0017_R2_paired	85283.0	100946.0	95523.0	93721.0	98040.0	90853.0	91813.0	95351.0	103886.0	57197.0	64445.0	74190.0	81959.0	94549.0	107265.0	125895.0	147374.0	167543.0	171922.0	190259.0	202861.0	188987.0	192674.0	863069.0
	37	42	47	52	57	62	67	72	77	82	87	92	97	102	107	112	117	122	127	132	137	142	147	151
IN0054_R1_paired	21407.0	26402.0	26126.0	26532.0	27723.0	29649.0	32122.0	37514.0	50633.0	26534.0	29188.0	32445.0	36045.0	40549.0	45828.0	50739.0	56369.0	67340.0	76855.0	89772.0	101739.0	120522.0	163768.0	6728500.0
	37	42	47	52	57	62	67	72	77	82	87	92	97	102	107	112	117	122	127	132	137	142	147	151
IN0054_R2_paired	226774.0	295791.0	272215.0	251652.0	252142.0	230597.0	232313.0	231904.0	257399.0	138158.0	152115.0	167031.0	179530.0	200427.0	220905.0	253947.0	293080.0	329746.0	335812.0	370349.0	397687.0	373287.0	385597.0	1895843.0
	37	42	47	52	57	62	67	72	77	82	87	92	97	102	107	112	117	122	127	132	137	142	147	151
IN0059_R1_paired	9693.0	11940.0	11837.0	11992.0	12265.0	13217.0	14828.0	16327.0	21252.0	12024.0	13352.0	14827.0	16304.0	18385.0	21037.0	23242.0	25928.0	31148.0	35528.0	41460.0	47105.0	55565.0	75268.0	3026326.0
	37	42	47	52	57	62	67	72	77	82	87	92	97	102	107	112	117	122	127	132	137	142	147	151
IN0059_R2_paired	158047.0	173740.0	145010.0	127828.0	118930.0	103210.0	101671.0	99930.0	108574.0	58094.0	63129.0	68860.0	73935.0	82601.0	91903.0	105694.0	122223.0	139432.0	142472.0	157962.0	171460.0	161390.0	168342.0	836413.0
	37	42	47	52	57	62	67	72	77	82	87	92	97	102	107	112	117	122	127	132	137	142	147	151
IN0114_R1_paired	66003.0	85453.0	55174.0	40252.0	34972.0	33752.0	34723.0	40191.0	56689.0	25830.0	28411.0	31400.0	35265.0	40626.0	46648.0	52474.0	59704.0	72683.0	83963.0	100317.0	113765.0	136759.0	184933.0	6103236.0
	37	42	47	52	57	62	67	72	77	82	87	92	97	102	107	112	117	122	127	132	137	142	147	151
IN0114_R2_paired	194895.0	245215.0	234835.0	227144.0	234627.0	218745.0	222337.0	226674.0	242133.0	130201.0	145715.0	164193.0	178383.0	201806.0	224407.0	256507.0	295522.0	331579.0	335894.0	367134.0	389084.0	362212.0	369114.0	1764867.0
	37	42	47	52	57	62	67	72	77	82	87	92	97	102	107	112	117	122	127	132	137	142	147	151
IN0115_R1_paired	20950.0	25396.0	25227.0	25543.0	26685.0	28164.0	31919.0	34541.0	43821.0	26060.0	28353.0	31358.0	34390.0	38978.0	43688.0	48304.0	54676.0	64843.0	73589.0	87304.0	99246.0	117830.0	161277.0	7347362.0
	37	42	47	52	57	62	67	72	77	82	87	92	97	102	107	112	117	122	127	132	137	142	147	151
IN0115_R2_paired	284182.0	363361.0	336266.0	313691.0	306434.0	281319.0	282561.0	277712.0	293508.0	158403.0	176921.0	195302.0	208345.0	231753.0	253762.0	289135.0	328504.0	362245.0	367039.0	396535.0	415687.0	380860.0	381133.0	1634846.0
	37	42	47	52	57	62	67	72	77	82	87	92	97	102	107	112	117	122	127	132	137	142	147	151
IN0116_R1_paired	24494.0	30180.0	30111.0	30916.0	31742.0	33821.0	37841.0	42528.0	56712.0	30377.0	33476.0	37610.0	41266.0	47445.0	53679.0	59191.0	66151.0	80132.0	92060.0	107454.0	121670.0	144680.0	195501.0	7540549.0
	37	42	47	52	57	62	67	72	77	82	87	92	97	102	107	112	117	122	127	132	137	142	147	151
IN0116_R2_paired	293765.0	363842.0	329487.0	305922.0	297270.0	265308.0	264437.0	262444.0	288967.0	153844.0	170076.0	186998.0	199367.0	222762.0	246882.0	281283.0	325313.0	367507.0	371347.0	409038.0	440177.0	413192.0	426136.0	2084222.0
	36	37	38	39	40	41	42	43	44	45	46	47	48	49	50	51	52	53	54	55	56	57	58	59	60	61	62	63	64	65	66	67	68	69	70	71	72	73	74	75
INA168_R1_paired	86180.0	98279.0	102873.0	116208.0	200239.0	103847.0	116745.0	120813.0	138868.0	230281.0	128416.0	140713.0	147145.0	171352.0	275053.0	156380.0	171340.0	175950.0	204200.0	326308.0	185329.0	202502.0	207758.0	238832.0	383784.0	221747.0	240702.0	248777.0	289009.0	456501.0	269912.0	295944.0	304028.0	338033.0	533630.0	310157.0	342477.0	389394.0	1140161.0	12957472.0
	36	37	38	39	40	41	42	43	44	45	46	47	48	49	50	51	52	53	54	55	56	57	58	59	60	61	62	63	64	65	66	67	68	69	70	71	72	73	74	75
INA168_R2_paired	64543.0	73513.0	76415.0	87814.0	142908.0	84090.0	94629.0	99212.0	110859.0	172365.0	106483.0	118503.0	121014.0	139592.0	213160.0	135806.0	150133.0	152368.0	170740.0	261535.0	169911.0	182858.0	185444.0	210559.0	313883.0	208536.0	221484.0	227952.0	251917.0	365338.0	249707.0	265928.0	270193.0	300617.0	444201.0	293074.0	313435.0	364521.0	1087154.0	14264945.0
	37	42	47	52	57	62	67	72	77	82	87	92	97	102	107	112	117	122	127	132	137	142	147	150
IR00102_R1_paired	41508.0	56184.0	53362.0	59614.0	59181.0	63680.0	71439.0	74390.0	104847.0	46921.0	47638.0	53833.0	68549.0	72640.0	84934.0	89561.0	105955.0	125733.0	162152.0	183450.0	188904.0	220248.0	492075.0	8431693.0
	37	42	47	52	57	62	67	72	77	82	87	92	97	102	107	112	117	122	127	132	137	142	147	150
IR00102_R2_paired	304396.0	385913.0	382761.0	364179.0	354012.0	342038.0	336527.0	328229.0	387302.0	191462.0	179896.0	204439.0	229114.0	244656.0	271751.0	306115.0	343742.0	393661.0	434684.0	475091.0	524811.0	547157.0	705753.0	2720802.0
	37	42	47	52	57	62	67	72	77	82	87	92	97	102	107	112	117	122	127	132	137	142	147	150
IR0013_R1_paired	32418.0	47263.0	44551.0	52610.0	54546.0	67033.0	82968.0	101014.0	194941.0	83319.0	97746.0	125498.0	160815.0	187764.0	228189.0	250233.0	286002.0	323850.0	382167.0	390123.0	383877.0	399796.0	643104.0	4321824.0
	37	42	47	52	57	62	67	72	77	82	87	92	97	102	107	112	117	122	127	132	137	142	147	150
IR0013_R2_paired	263827.0	300174.0	291329.0	282599.0	278857.0	272104.0	270432.0	266998.0	296202.0	146366.0	138903.0	162584.0	186618.0	203624.0	229182.0	262711.0	296901.0	343782.0	380373.0	410701.0	456321.0	471671.0	592540.0	2136852.0
	37	42	47	52	57	62	67	72	77	82	87	92	97	102	107	112	117	122	127	132	137	142	147	150
IR0015_R1_paired	32670.0	44042.0	41197.0	46274.0	45360.0	49544.0	54845.0	58015.0	84262.0	37145.0	37310.0	41825.0	53803.0	56975.0	67291.0	70181.0	83254.0	99478.0	129385.0	146527.0	153112.0	176847.0	397740.0	6775938.0
	37	42	47	52	57	62	67	72	77	82	87	92	97	102	107	112	117	122	127	132	137	142	147	150
IR0015_R2_paired	257995.0	332207.0	331626.0	316945.0	308005.0	300536.0	294142.0	289630.0	329016.0	164175.0	154461.0	175805.0	196470.0	210998.0	233855.0	261144.0	290402.0	329573.0	359474.0	384020.0	420185.0	427188.0	534283.0	1880885.0
	37	42	47	52	57	62	67	72	77	82	87	92	97	102	107	112	117	122	127	132	137	142	147	150
IR0083_R1_paired	25906.0	32849.0	33155.0	37347.0	36537.0	39747.0	44091.0	46161.0	63518.0	29733.0	30440.0	34102.0	41935.0	45964.0	54345.0	57020.0	67780.0	80143.0	104682.0	117096.0	121458.0	141952.0	320338.0	5385060.0
	37	42	47	52	57	62	67	72	77	82	87	92	97	102	107	112	117	122	127	132	137	142	147	150
IR0083_R2_paired	180808.0	235579.0	240184.0	231876.0	227829.0	221900.0	220838.0	216488.0	249031.0	122371.0	118177.0	135710.0	152576.0	162765.0	179843.0	201792.0	224648.0	257313.0	282303.0	306796.0	337265.0	349439.0	446408.0	1689420.0
	37	42	47	52	57	62	67	72	77	82	87	92	97	102	107	112	117	122	127	132	137	142	147	150
IR0084_R1_paired	251142.0	226625.0	118211.0	85769.0	70298.0	69562.0	73717.0	74014.0	100421.0	43162.0	43473.0	49183.0	62751.0	69016.0	82514.0	86956.0	104147.0	126078.0	164535.0	183537.0	193933.0	226906.0	496706.0	7127876.0
	37	42	47	52	57	62	67	72	77	82	87	92	97	102	107	112	117	122	127	132	137	142	147	150
IR0084_R2_paired	245688.0	293451.0	302231.0	305762.0	306644.0	308037.0	312674.0	312644.0	330466.0	164965.0	162756.0	192956.0	220500.0	241224.0	267874.0	306348.0	344720.0	395320.0	435027.0	466823.0	514905.0	529308.0	667855.0	2502354.0
	37	42	47	52	57	62	67	72	77	82	87	92	97	102	107	112	117	122	127	132	137	142	147	150
IR0088_R1_paired	42813.0	56033.0	56531.0	62261.0	61101.0	65851.0	73091.0	75766.0	101452.0	47466.0	47706.0	55077.0	69632.0	75036.0	87794.0	92963.0	109671.0	132347.0	170456.0	189770.0	200185.0	230427.0	517598.0	9023806.0
	37	42	47	52	57	62	67	72	77	82	87	92	97	102	107	112	117	122	127	132	137	142	147	150
IR0088_R2_paired	299539.0	389510.0	399190.0	388736.0	380607.0	371603.0	368962.0	363136.0	414730.0	204393.0	196529.0	223946.0	253651.0	271079.0	299634.0	337706.0	377438.0	430616.0	472424.0	514006.0	563900.0	581613.0	742144.0	2799741.0
	37	42	47	52	57	62	67	72	77	82	87	92	97	102	107	112	117	122	127	132	137	142	147	150
IR0095_R1_paired	43756.0	59282.0	56625.0	63389.0	62203.0	66772.0	74001.0	77581.0	118077.0	48668.0	48808.0	55162.0	68512.0	73809.0	86715.0	90839.0	107670.0	128228.0	165142.0	183890.0	190543.0	221741.0	488471.0	8276498.0
	37	42	47	52	57	62	67	72	77	82	87	92	97	102	107	112	117	122	127	132	137	142	147	150
IR0095_R2_paired	267993.0	342905.0	346969.0	333953.0	328690.0	319815.0	317356.0	311012.0	376418.0	190132.0	171189.0	197044.0	221920.0	235698.0	261115.0	296907.0	333108.0	382249.0	425380.0	466454.0	520378.0	546552.0	715821.0	2947324.0
	37	42	47	52	57	62	67	72	77	82	87	92	97	102	107	112	117	122	127	132	137	142	147	150
IT0010_R1_paired	33071.0	43341.0	43618.0	49853.0	50317.0	57735.0	68733.0	75651.0	117873.0	54464.0	58771.0	72329.0	96158.0	115267.0	142777.0	162077.0	201095.0	246064.0	320394.0	356427.0	378668.0	434564.0	788246.0	6350183.0
	37	42	47	52	57	62	67	72	77	82	87	92	97	102	107	112	117	122	127	132	137	142	147	150
IT0010_R2_paired	272722.0	320581.0	316077.0	308197.0	303865.0	298185.0	301837.0	297956.0	332654.0	159796.0	156026.0	183029.0	210569.0	229309.0	260076.0	297092.0	336886.0	391988.0	435647.0	475101.0	532766.0	554106.0	708929.0	2634282.0
	37	42	47	52	57	62	67	72	77	82	87	92	97	102	107	112	117	122	127	132	137	142	147	150
JP0091_R1_paired	32236.0	41274.0	41662.0	46792.0	45772.0	50126.0	56422.0	59201.0	80860.0	37374.0	37794.0	41985.0	52165.0	57793.0	67312.0	71607.0	84089.0	101285.0	131632.0	146506.0	153152.0	179253.0	405990.0	7065711.0
	37	42	47	52	57	62	67	72	77	82	87	92	97	102	107	112	117	122	127	132	137	142	147	150
JP0091_R2_paired	208978.0	269420.0	276881.0	268322.0	265596.0	261105.0	263343.0	260922.0	305034.0	150061.0	141434.0	165548.0	186640.0	200558.0	223869.0	254768.0	286550.0	330897.0	367398.0	404759.0	451375.0	473673.0	616925.0	2453937.0
	37	42	47	52	57	62	67	72	77	82	87	92	97	102	107	112	117	122	127	132	137	142	147	152	157	162	167	172	177	182	187	192	197	202	207	212	217	222	227	232	237	242	247	251
LpKY-97-1_R1_paired	21174.0	32407.0	42599.0	50480.0	63563.0	73220.0	81965.0	87126.0	91930.0	96433.0	98263.0	101587.0	100676.0	101293.0	101035.0	105007.0	102638.0	103420.0	101625.0	102953.0	98575.0	99500.0	95877.0	94611.0	91897.0	90361.0	88838.0	86870.0	84675.0	82712.0	82629.0	80255.0	79909.0	77100.0	76060.0	73887.0	72966.0	70726.0	69014.0	68383.0	64999.0	61982.0	104946.0	458496.0
	37	42	47	52	57	62	67	72	77	82	87	92	97	102	107	112	117	122	127	132	137	142	147	152	157	162	167	172	177	182	187	192	197	202	207	212	217	222	227	232	237	242	247	251
LpKY-97-1_R2_paired	37978.0	53499.0	65671.0	67988.0	73439.0	82782.0	91542.0	100596.0	105740.0	111872.0	109967.0	115550.0	114486.0	116926.0	115606.0	120493.0	122575.0	122033.0	120120.0	119467.0	117684.0	114075.0	113078.0	114006.0	113755.0	110131.0	108059.0	104560.0	103299.0	102421.0	99610.0	94735.0	90110.0	85492.0	81771.0	74482.0	68246.0	60693.0	55219.0	48080.0	41773.0	34525.0	37255.0	73273.0
	37	42	47	52	57	62	67	72	77	82	87	92	97	102	107	112	117	122	127	132	137	142	147	150
ML0060_R1_paired	211213.0	185600.0	92368.0	64334.0	52617.0	52677.0	56246.0	56597.0	73577.0	32479.0	32540.0	36638.0	48223.0	51509.0	61988.0	65714.0	78676.0	95221.0	125743.0	143206.0	150577.0	177314.0	396122.0	5795209.0
	37	42	47	52	57	62	67	72	77	82	87	92	97	102	107	112	117	122	127	132	137	142	147	150
ML0060_R2_paired	196469.0	233368.0	238767.0	239683.0	241382.0	244493.0	249393.0	251427.0	258499.0	126905.0	126276.0	150017.0	174638.0	190533.0	215114.0	246167.0	277515.0	318690.0	352386.0	380243.0	420810.0	434400.0	547820.0	2021393.0
	37	42	47	52	57	62	67	72	77	82	87	92	97	102	107	112	117	122	127	132	137	142	147	151
ML0062_R1_paired	14916.0	18788.0	18626.0	18821.0	20344.0	21085.0	23793.0	26988.0	34377.0	19264.0	21332.0	23987.0	26308.0	29984.0	33555.0	37576.0	41848.0	50061.0	57273.0	66788.0	76174.0	90426.0	122824.0	5070964.0
	37	42	47	52	57	62	67	72	77	82	87	92	97	102	107	112	117	122	127	132	137	142	147	151
ML0062_R2_paired	189365.0	231790.0	206992.0	187690.0	185225.0	167380.0	168290.0	167966.0	183969.0	97607.0	108136.0	119986.0	129136.0	143781.0	160974.0	184693.0	213861.0	243531.0	248527.0	277889.0	299663.0	284021.0	295396.0	1470234.0
	37	42	47	52	57	62	67	72	77	82	87	92	97	102	107	112	117	122	127	132	137	142	147	152	157	162	167	172	177	182	187	192	197	202	207	212	217	222	227	232	237	242	247	251
ML33_R1_paired	5224.0	7565.0	9176.0	9849.0	10609.0	10253.0	11206.0	12348.0	13292.0	13003.0	13930.0	14218.0	15282.0	15304.0	15626.0	16798.0	17743.0	18189.0	19794.0	20649.0	21044.0	22958.0	23300.0	26164.0	25733.0	26917.0	28297.0	29136.0	30823.0	31333.0	33373.0	36991.0	38177.0	35091.0	36963.0	38490.0	37979.0	38870.0	38478.0	39819.0	41077.0	42193.0	126646.0	924197.0
	37	42	47	52	57	62	67	72	77	82	87	92	97	102	107	112	117	122	127	132	137	142	147	152	157	162	167	172	177	182	187	192	197	202	207	212	217	222	227	232	237	242	247	251
ML33_R2_paired	19124.0	24535.0	25473.0	26615.0	25495.0	26173.0	26272.0	24886.0	24872.0	25874.0	26932.0	24188.0	25850.0	27339.0	27429.0	27709.0	29055.0	33601.0	34752.0	33168.0	35545.0	40849.0	39076.0	43450.0	42447.0	43777.0	44284.0	46159.0	50935.0	50646.0	50602.0	50546.0	53335.0	52626.0	54436.0	56037.0	55893.0	56491.0	56472.0	56475.0	54964.0	52194.0	86021.0	331505.0
	37	42	47	52	57	62	67	72	77	82	87	92	97	102	107	112	117	122	127	132	137	142	147	151
NG0012_R1_paired	12586.0	15605.0	15308.0	15583.0	16615.0	17362.0	19295.0	21468.0	27746.0	15517.0	16824.0	18983.0	21131.0	23778.0	26671.0	29664.0	33107.0	39715.0	45748.0	52555.0	60255.0	71584.0	97391.0	4008312.0
	37	42	47	52	57	62	67	72	77	82	87	92	97	102	107	112	117	122	127	132	137	142	147	151
NG0012_R2_paired	196428.0	217266.0	180673.0	155386.0	147849.0	131448.0	129972.0	127716.0	139432.0	74010.0	81116.0	89679.0	95422.0	107016.0	119383.0	136965.0	160192.0	183153.0	187721.0	210762.0	229775.0	217242.0	229570.0	1174627.0
	37	42	47	52	57	62	67	72	77	82	87	92	97	102	107	112	117	122	127	132	137	142	147	151
NG0054_R1_paired	13152.0	18208.0	17870.0	20070.0	23602.0	28212.0	38445.0	52347.0	96594.0	50354.0	65185.0	82505.0	98371.0	114674.0	131508.0	144721.0	156900.0	175128.0	185394.0	195606.0	199940.0	208273.0	237961.0	2920665.0
	37	42	47	52	57	62	67	72	77	82	87	92	97	102	107	112	117	122	127	132	137	142	147	151
NG0054_R2_paired	116597.0	138218.0	131003.0	127351.0	134705.0	124388.0	127085.0	131776.0	147964.0	79693.0	89920.0	103846.0	116157.0	134334.0	153463.0	181132.0	213893.0	244071.0	253963.0	284002.0	305723.0	285618.0	293996.0	1356787.0
	37	42	47	52	57	62	67	72	77	82	87	92	97	102	107	112	117	122	127	132	137	142	147	151
NP0058_R1_paired	18668.0	23174.0	22488.0	22948.0	24068.0	25388.0	27161.0	32417.0	42394.0	22981.0	25345.0	28667.0	31563.0	35754.0	40109.0	44511.0	49564.0	59216.0	68512.0	80459.0	91610.0	109242.0	149664.0	6370598.0
	37	42	47	52	57	62	67	72	77	82	87	92	97	102	107	112	117	122	127	132	137	142	147	151
NP0058_R2_paired	299055.0	376562.0	342570.0	315173.0	305953.0	280606.0	280584.0	274762.0	287166.0	156750.0	170629.0	186956.0	198122.0	218075.0	235769.0	262106.0	292709.0	315321.0	314303.0	330250.0	336768.0	297665.0	287024.0	1081623.0
	34	44	54	64	74	84	94	104	114	124	134	144	154	164	174	184	194	204	214	224	234	244	254	264	274	284	294	300
P28_R1_paired	55817.0	126344.0	126051.0	135323.0	145023.0	168047.0	190230.0	221984.0	268480.0	303794.0	329575.0	367440.0	392631.0	428092.0	442466.0	443823.0	452167.0	440340.0	411278.0	350251.0	289072.0	227541.0	164637.0	90162.0	45717.0	22340.0	16125.0	2572.0
	34	44	54	64	74	84	94	104	114	124	134	144	154	164	174	184	194	204	214	224	234	244	254	264	274	284	294	300
P28_R2_paired	68307.0	210308.0	205912.0	218982.0	242202.0	266161.0	299661.0	327340.0	367438.0	423991.0	485183.0	493900.0	500798.0	494674.0	469418.0	425345.0	358571.0	297858.0	212769.0	139846.0	81446.0	39493.0	17042.0	7009.0	2608.0	773.0	243.0	44.0
	34	44	54	64	74	84	94	104	114	124	134	144	154	164	174	184	194	204	214	224	234	244	254	264	274	284	294	300
P29_R1_paired	104088.0	223297.0	210466.0	211375.0	213236.0	234779.0	254110.0	283679.0	332231.0	364352.0	384294.0	418718.0	442310.0	477260.0	487181.0	486709.0	497793.0	486275.0	457241.0	392300.0	327127.0	262745.0	192924.0	106742.0	54925.0	27034.0	18585.0	2973.0
	34	44	54	64	74	84	94	104	114	124	134	144	154	164	174	184	194	204	214	224	234	244	254	264	274	284	294	300
P29_R2_paired	104088.0	223297.0	210466.0	211375.0	213236.0	234779.0	254110.0	283679.0	332231.0	364352.0	384294.0	418718.0	442310.0	477260.0	487181.0	486709.0	497793.0	486275.0	457241.0	392300.0	327127.0	262745.0	192924.0	106742.0	54925.0	27034.0	18585.0	2973.0
	34	44	54	64	74	84	94	104	114	124	134	144	154	164	174	184	194	204	214	224	234	244	254	264	274	284	294	300
P3_R1_paired	60026.0	142871.0	133527.0	125734.0	122703.0	122554.0	131707.0	138277.0	153393.0	139225.0	134719.0	139847.0	154900.0	184638.0	218609.0	272285.0	351471.0	419840.0	555677.0	495114.0	542170.0	611626.0	635905.0	614990.0	592056.0	520814.0	935628.0	252207.0
	34	44	54	64	74	84	94	104	114	124	134	144	154	164	174	184	194	204	214	224	234	244	254	264	274	284	292
P3_R2_paired	122288.0	379139.0	341409.0	307533.0	289013.0	277770.0	250121.0	280008.0	279186.0	326981.0	350631.0	410850.0	478728.0	492916.0	905967.0	650991.0	645239.0	433415.0	427749.0	410162.0	318976.0	239648.0	160151.0	74205.0	34314.0	14359.0	764.0
	37	42	47	52	57	62	67	72	77	82	87	92	97	102	107	112	117	122	127	132	137	142	147	152	157	162	167	172	177	182	187	192	197	202	207	212	217	222	227	232	237	242	247	251
PH42_R1_paired	1385.0	1711.0	1859.0	1793.0	1792.0	1721.0	2381.0	2511.0	2305.0	2373.0	2485.0	2591.0	2731.0	2976.0	3145.0	3415.0	3669.0	3155.0	3793.0	3977.0	4077.0	4215.0	4483.0	4994.0	5183.0	4715.0	5096.0	5435.0	6125.0	6943.0	6954.0	8473.0	8792.0	9565.0	9357.0	9520.0	11024.0	11729.0	12964.0	13626.0	14226.0	15144.0	83491.0	739743.0
	37	42	47	52	57	62	67	72	77	82	87	92	97	102	107	112	117	122	127	132	137	142	147	152	157	162	167	172	177	182	187	192	197	202	207	212	217	222	227	232	237	242	247	251
PH42_R2_paired	3145.0	4053.0	5651.0	5499.0	5173.0	4442.0	4976.0	4942.0	5399.0	5402.0	5955.0	5662.0	6146.0	6092.0	6529.0	7133.0	7592.0	7847.0	8860.0	10060.0	10652.0	12956.0	12102.0	14346.0	14492.0	17683.0	18339.0	21070.0	25973.0	29952.0	28561.0	35052.0	37930.0	40341.0	41661.0	42693.0	51176.0	53467.0	50391.0	50420.0	49920.0	47297.0	67282.0	163328.0
	37	42	47	52	57	62	67	72	77	82	87	92	97	102	107	112	117	122	127	132	137	142	147	152	157	162	167	172	177	182	187	192	197	202	207	212	217	222	227	232	237	242	247	251
PL2-1_R1_paired	10402.0	15051.0	18088.0	19885.0	20398.0	20951.0	22672.0	22881.0	26079.0	28805.0	35209.0	33652.0	34189.0	35690.0	35616.0	35991.0	37224.0	38903.0	39339.0	41766.0	44301.0	42557.0	44973.0	48098.0	46258.0	50754.0	50275.0	52792.0	51482.0	54810.0	57214.0	58466.0	59996.0	62828.0	64829.0	65297.0	64749.0	66895.0	73492.0	71848.0	70688.0	70640.0	196892.0	1278687.0
	37	42	47	52	57	62	67	72	77	82	87	92	97	102	107	112	117	122	127	132	137	142	147	152	157	162	167	172	177	182	187	192	197	202	207	212	217	222	227	232	237	242	247	251
PL2-1_R2_paired	30728.0	39619.0	48409.0	49346.0	44899.0	45823.0	45615.0	46222.0	46707.0	43914.0	48290.0	49474.0	51200.0	52716.0	66298.0	69113.0	58679.0	62915.0	63867.0	69890.0	72224.0	78813.0	76683.0	81087.0	84435.0	87719.0	95711.0	101755.0	96663.0	99862.0	102119.0	107623.0	105216.0	101382.0	98365.0	101695.0	95957.0	89977.0	84623.0	82537.0	73794.0	65450.0	84697.0	219501.0
	37	42	47	52	57	62	67	72	77	82	87	92	97	102	107	112	117	122	127	132	137	142	147	152	157	162	167	172	177	182	187	192	197	202	207	212	217	222	227	232	237	242	247	251
Pg1213-22_R1_paired	7841.0	11512.0	14011.0	16022.0	19275.0	22642.0	25642.0	28055.0	31609.0	35736.0	40031.0	41878.0	46021.0	59337.0	57279.0	52480.0	53345.0	57839.0	55740.0	57586.0	56842.0	59790.0	58832.0	59721.0	56868.0	58370.0	56978.0	57600.0	56785.0	56361.0	54610.0	54902.0	52922.0	53921.0	51773.0	49786.0	48561.0	46834.0	47336.0	46483.0	47437.0	43544.0	91578.0	509036.0
	37	42	47	52	57	62	67	72	77	82	87	92	97	102	107	112	117	122	127	132	137	142	147	152	157	162	167	172	177	182	187	192	197	202	207	212	217	222	227	232	237	242	247	251
Pg1213-22_R2_paired	18252.0	25161.0	31311.0	34433.0	36941.0	36312.0	39711.0	43777.0	48788.0	51425.0	58505.0	59333.0	62836.0	64755.0	69291.0	74182.0	74510.0	79473.0	80354.0	82767.0	83390.0	88417.0	83352.0	84406.0	78347.0	78433.0	79456.0	72768.0	71528.0	72159.0	71251.0	69476.0	63473.0	59451.0	55992.0	51198.0	46962.0	44020.0	40612.0	34187.0	28145.0	21620.0	22025.0	37966.0
	36	38	40	42	44	46	48	50	52	54	56	58	60	62	64	66	68	70	72	74	76	78	80	82	84	86	88	90	92	94	96	98	100
PgKY4OV2-1_R1_paired	46129.0	45594.0	49350.0	55097.0	61363.0	62899.0	65676.0	70276.0	78022.0	79269.0	76486.0	74176.0	72341.0	73113.0	78698.0	80065.0	74449.0	77747.0	59091.0	55316.0	53859.0	61579.0	57387.0	58825.0	61052.0	57219.0	56670.0	57745.0	58829.0	63356.0	62903.0	342468.0	10553008.0
	36	38	40	42	44	46	48	50	52	54	56	58	60	62	64	66	68	70	72	74	76	78	80	82	84	86	88	90	92	94	96	98	100
PgKY4OV2-1_R2_paired	58396.0	65983.0	78582.0	86946.0	100718.0	99182.0	102321.0	107590.0	112544.0	118809.0	124859.0	133050.0	137966.0	145698.0	147987.0	139575.0	132924.0	111907.0	112402.0	111621.0	115653.0	117220.0	106405.0	79160.0	62867.0	58831.0	65452.0	62019.0	63780.0	71570.0	65084.0	334357.0	9448599.0
	36	38	40	42	44	46	48	50	52	54	56	58	60	62	64	66	68	70	72	74	76	78	80	82	84	86	88	90	92	94	96	98	100
PgPA18C-02_R1_paired	56198.0	54704.0	59094.0	66946.0	73852.0	75253.0	79342.0	84357.0	94505.0	97135.0	93358.0	89959.0	89639.0	89786.0	97470.0	100770.0	93126.0	97464.0	75409.0	69381.0	68452.0	79013.0	73107.0	75370.0	78619.0	74377.0	73635.0	75214.0	76661.0	81803.0	82283.0	449265.0	13492782.0
	36	38	40	42	44	46	48	50	52	54	56	58	60	62	64	66	68	70	72	74	76	78	80	82	84	86	88	90	92	94	96	98	100
PgPA18C-02_R2_paired	80647.0	90262.0	102727.0	115477.0	132201.0	132160.0	137966.0	145073.0	150902.0	161925.0	168867.0	179175.0	186944.0	196728.0	199518.0	188459.0	179409.0	150858.0	151447.0	150002.0	155657.0	157771.0	142181.0	107067.0	87720.0	81435.0	89201.0	87024.0	87688.0	96609.0	89345.0	449662.0	11786222.0
	37	42	47	52	57	62	67	72	77	82	87	92	97	102	107	112	117	122	127	132	137	142	147	152	157	162	167	172	177	182	187	192	197	202	207	212	217	222	227	232	237	242	247	251
SSFL02_R1_paired	3563.0	5260.0	5802.0	6327.0	7080.0	8451.0	9047.0	9764.0	10917.0	12558.0	13778.0	14850.0	17015.0	26618.0	24565.0	21221.0	22680.0	25505.0	26066.0	27897.0	28560.0	31399.0	32191.0	33525.0	33580.0	35371.0	35946.0	37317.0	38239.0	38844.0	38546.0	39945.0	38999.0	40609.0	39773.0	38897.0	39110.0	37908.0	38515.0	38853.0	40326.0	37427.0	83148.0	485613.0
	37	42	47	52	57	62	67	72	77	82	87	92	97	102	107	112	117	122	127	132	137	142	147	152	157	162	167	172	177	182	187	192	197	202	207	212	217	222	227	232	237	242	247	251
SSFL02_R2_paired	15865.0	19631.0	22269.0	23862.0	24031.0	22277.0	23250.0	25009.0	26934.0	27763.0	31292.0	31413.0	33274.0	34678.0	37774.0	41330.0	42354.0	46332.0	49194.0	51699.0	53425.0	58919.0	56564.0	58624.0	55201.0	56567.0	57682.0	53723.0	53952.0	55127.0	54760.0	53885.0	49349.0	46515.0	43806.0	40068.0	36453.0	34273.0	30610.0	25449.0	20564.0	15579.0	15455.0	24824.0
	37	42	47	52	57	62	67	72	77	82	87	92	97	102	107	112	117	122	127	132	137	142	147	152	157	162	167	172	177	182	187	192	197	202	207	212	217	222	227	232	237	242	247	251
SSFL14-3_R1_paired	7436.0	9946.0	11039.0	13210.0	15061.0	15931.0	17197.0	17598.0	17943.0	18232.0	20246.0	19994.0	20817.0	23117.0	23855.0	24805.0	25453.0	26765.0	28212.0	29325.0	30357.0	30910.0	31682.0	34321.0	34831.0	38154.0	39670.0	38870.0	41763.0	44267.0	46105.0	49260.0	49639.0	51155.0	54627.0	53707.0	52306.0	54753.0	55178.0	55748.0	54009.0	53606.0	96385.0	453707.0
	37	42	47	52	57	62	67	72	77	82	87	92	97	102	107	112	117	122	127	132	137	142	147	152	157	162	167	172	177	182	187	192	197	202	207	212	217	222	227	232	237	242	247	251
SSFL14-3_R2_paired	16564.0	22478.0	28446.0	28381.0	29096.0	30251.0	32229.0	34321.0	36005.0	37159.0	39532.0	39355.0	43169.0	44966.0	47314.0	49674.0	55466.0	57770.0	57691.0	59820.0	64003.0	68098.0	72726.0	73389.0	71139.0	69204.0	67015.0	71788.0	71817.0	68602.0	66056.0	59706.0	54126.0	48717.0	42163.0	37652.0	31536.0	25740.0	19948.0	16020.0	12232.0	9122.0	8143.0	12563.0
	37	42	47	52	57	62	67	72	77	82	87	92	97	102	107	112	117	122	127	132	137	142	147	152	157	162	167	172	177	182	187	192	197	202	207	212	217	222	227	232	237	242	247	250
T25_R1_paired	26476.0	38681.0	41736.0	50093.0	56547.0	41181.0	41717.0	47581.0	51879.0	59444.0	64592.0	72622.0	80978.0	73653.0	48313.0	63274.0	199347.0	63741.0	67173.0	72934.0	80418.0	82850.0	82912.0	92000.0	94748.0	101674.0	112446.0	106251.0	112358.0	129663.0	126816.0	143677.0	146879.0	152365.0	166642.0	172571.0	196015.0	240045.0	232958.0	261864.0	275648.0	289902.0	2050788.0	2676267.0
	37	42	47	52	57	62	67	72	77	82	87	92	97	102	107	112	117	122	127	132	137	142	147	152	157	162	167	172	177	182	187	192	197	202	207	212	217	222	227	232	237	242	247	250
T25_R2_paired	65768.0	147261.0	187571.0	191275.0	132646.0	140465.0	132300.0	131893.0	97369.0	70561.0	81645.0	92575.0	96925.0	105926.0	112440.0	127977.0	139539.0	157290.0	167434.0	183830.0	195478.0	201402.0	209952.0	214936.0	236719.0	246725.0	254841.0	264060.0	274724.0	296520.0	293879.0	306603.0	305708.0	316135.0	327985.0	325191.0	319219.0	312987.0	307339.0	287733.0	250474.0	223750.0	555030.0	299639.0
	37	42	47	52	57	62	67	72	77	82	87	92	97	102	107	112	117	122	127	132	137	142	147	151
TG0004_R1_paired	42142.0	54925.0	36407.0	26520.0	23432.0	22500.0	23459.0	26383.0	34682.0	17648.0	18891.0	21380.0	23856.0	27516.0	32046.0	35440.0	40399.0	48861.0	56827.0	66800.0	76645.0	92179.0	124600.0	4214213.0
	37	42	47	52	57	62	67	72	77	82	87	92	97	102	107	112	117	122	127	132	137	142	147	151
TG0004_R2_paired	124164.0	156755.0	149647.0	144930.0	150215.0	140022.0	143319.0	146093.0	154798.0	84347.0	95021.0	108165.0	116869.0	133360.0	149114.0	172390.0	199177.0	224980.0	229036.0	251976.0	271346.0	254719.0	264113.0	1323195.0
	37	42	47	52	57	62	67	72	77	82	87	92	97	102	107	112	117	122	127	132	137	142	147	151
TG0032_R1_paired	17432.0	22727.0	21147.0	21683.0	22671.0	23972.0	26555.0	31999.0	43197.0	21817.0	24049.0	26651.0	29183.0	33124.0	37069.0	40775.0	45746.0	54986.0	62761.0	73848.0	84312.0	100259.0	136737.0	6187529.0
	37	42	47	52	57	62	67	72	77	82	87	92	97	102	107	112	117	122	127	132	137	142	147	151
TG0032_R2_paired	256990.0	326817.0	301169.0	279060.0	272934.0	251512.0	252063.0	246988.0	265450.0	142832.0	155684.0	171598.0	181828.0	202330.0	221014.0	248133.0	282076.0	308757.0	310051.0	330670.0	343047.0	309856.0	303846.0	1225524.0
	37	42	47	52	57	62	67	72	77	82	87	92	97	102	107	112	117	122	127	132	137	142	147	151
TN0001_R1_paired	15974.0	19927.0	19890.0	20306.0	21576.0	22496.0	25196.0	28246.0	36715.0	20140.0	22479.0	24902.0	27611.0	31921.0	36145.0	39600.0	44745.0	53666.0	61941.0	72338.0	82287.0	97505.0	132344.0	5210752.0
	37	42	47	52	57	62	67	72	77	82	87	92	97	102	107	112	117	122	127	132	137	142	147	151
TN0001_R2_paired	196622.0	246071.0	223239.0	203602.0	199954.0	179910.0	179365.0	177724.0	194529.0	103261.0	115007.0	127009.0	136159.0	151767.0	168339.0	193424.0	222943.0	253110.0	257391.0	282892.0	304347.0	286209.0	296848.0	1468980.0
	37	42	47	52	57	62	67	72	77	82	87	92	97	102	107	112	117	122	127	132	137	142	147	151
TN0002_R1_paired	18832.0	23188.0	22585.0	23205.0	24390.0	25715.0	28728.0	32327.0	40672.0	23140.0	25587.0	28654.0	31762.0	35984.0	40830.0	45310.0	50426.0	59891.0	68544.0	80542.0	91868.0	109010.0	147236.0	6076804.0
	37	42	47	52	57	62	67	72	77	82	87	92	97	102	107	112	117	122	127	132	137	142	147	151
TN0002_R2_paired	245425.0	299628.0	267467.0	244988.0	237644.0	211827.0	211586.0	209984.0	228646.0	122447.0	134540.0	148403.0	158899.0	176993.0	196576.0	223890.0	256754.0	290279.0	295319.0	324882.0	348857.0	327761.0	338402.0	1654033.0
	37	42	47	52	57	62	67	72	77	82	87	92	97	102	107	112	117	122	127	132	137	142	147	150
TN0050_R1_paired	24788.0	31584.0	32966.0	36694.0	35991.0	40387.0	45677.0	46538.0	58254.0	29178.0	29827.0	33276.0	41399.0	46060.0	55400.0	57581.0	67985.0	82069.0	107546.0	120016.0	126083.0	148037.0	337431.0	5910828.0
	37	42	47	52	57	62	67	72	77	82	87	92	97	102	107	112	117	122	127	132	137	142	147	150
TN0050_R2_paired	202856.0	258314.0	262971.0	254165.0	248407.0	241423.0	243100.0	239886.0	260653.0	125818.0	123649.0	143807.0	161568.0	174219.0	194955.0	218381.0	246984.0	280229.0	309023.0	334976.0	367865.0	381066.0	483927.0	1787353.0
	37	42	47	52	57	62	67	72	77	82	87	92	97	102	107	112	117	122	127	132	137	142	147	151
TN0057_R1_paired	20101.0	25036.0	24331.0	25066.0	26537.0	27749.0	31161.0	34385.0	44172.0	25142.0	27650.0	31084.0	34429.0	38716.0	43819.0	48983.0	55094.0	65939.0	75222.0	87645.0	100063.0	118818.0	160724.0	6384656.0
	37	42	47	52	57	62	67	72	77	82	87	92	97	102	107	112	117	122	127	132	137	142	147	151
TN0057_R2_paired	329419.0	364455.0	301304.0	262131.0	247855.0	219976.0	218256.0	212849.0	231308.0	122077.0	134209.0	148215.0	158362.0	176845.0	196475.0	224827.0	260578.0	296344.0	302298.0	337576.0	361984.0	342309.0	354964.0	1751906.0
	37	42	47	52	57	62	67	72	77	82	87	92	97	102	107	112	117	122	127	132	137	142	147	151
TN0065_R1_paired	20706.0	26959.0	27713.0	30797.0	36256.0	43756.0	58985.0	78813.0	145932.0	78290.0	101588.0	129224.0	154400.0	179522.0	205660.0	227021.0	245559.0	272715.0	285845.0	302899.0	308936.0	320766.0	364375.0	4348734.0
	37	42	47	52	57	62	67	72	77	82	87	92	97	102	107	112	117	122	127	132	137	142	147	151
TN0065_R2_paired	185635.0	219731.0	206413.0	200686.0	209909.0	194042.0	197924.0	204844.0	225120.0	121616.0	139506.0	159518.0	177095.0	204470.0	233023.0	273412.0	322222.0	367629.0	380498.0	422200.0	454314.0	426251.0	437446.0	2031947.0
	37	42	47	52	57	62	67	72	77	82	87	92	97	102	107	112	117	122	127	132	137	142	147	151
TN0090_R1_paired	16954.0	21282.0	20175.0	20377.0	21791.0	22680.0	24739.0	30292.0	39697.0	20777.0	23100.0	25372.0	28360.0	32070.0	36389.0	40117.0	44723.0	53394.0	62313.0	72588.0	82493.0	98700.0	135579.0	5989054.0
	37	42	47	52	57	62	67	72	77	82	87	92	97	102	107	112	117	122	127	132	137	142	147	151
TN0090_R2_paired	266804.0	336517.0	306677.0	281751.0	274526.0	253677.0	252939.0	247904.0	263366.0	142901.0	155743.0	171546.0	181613.0	200761.0	219836.0	245340.0	276664.0	299381.0	301238.0	317879.0	324777.0	289496.0	280589.0	1071091.0
	37	42	47	52	57	62	67	72	77	82	87	92	97	102	107	112	117	122	127	132	137	142	147	150
TR0025_R1_paired	35260.0	46123.0	45865.0	52122.0	51580.0	57747.0	63883.0	66692.0	90845.0	40894.0	41462.0	46285.0	59119.0	65248.0	76124.0	80582.0	95936.0	114029.0	147961.0	166113.0	173596.0	203689.0	456169.0	7449343.0
	37	42	47	52	57	62	67	72	77	82	87	92	97	102	107	112	117	122	127	132	137	142	147	150
TR0025_R2_paired	256222.0	319285.0	320301.0	313753.0	303575.0	293750.0	294174.0	290647.0	332169.0	160487.0	152280.0	177871.0	199872.0	215580.0	238942.0	274248.0	307000.0	352628.0	392224.0	428527.0	477542.0	497076.0	643659.0	2484855.0
	37	42	47	52	57	62	67	72	77	82	87	92	97	102	107	112	117	122	127	132	137	142	147	151
US0041_R1_paired	13299.0	16144.0	15590.0	15904.0	16751.0	17702.0	19575.0	22205.0	28642.0	16259.0	17898.0	20457.0	22360.0	24893.0	28250.0	31325.0	35130.0	42104.0	48078.0	56269.0	64476.0	76411.0	103598.0	4306770.0
	37	42	47	52	57	62	67	72	77	82	87	92	97	102	107	112	117	122	127	132	137	142	147	151
US0041_R2_paired	204408.0	230791.0	193675.0	170210.0	160701.0	142738.0	143299.0	142347.0	154080.0	81565.0	89689.0	99072.0	107032.0	119633.0	132884.0	153529.0	178242.0	203510.0	209317.0	231711.0	250204.0	236445.0	244452.0	1180556.0
	37	42	47	52	57	62	67	72	77	82	87	92	97	102	107	112	117	122	127	132	137	142	147	150
US0064_R1_paired	34717.0	49204.0	44598.0	49857.0	48982.0	53686.0	59620.0	64036.0	91634.0	39525.0	40370.0	45583.0	56445.0	61216.0	72544.0	76497.0	90175.0	108692.0	139472.0	156150.0	163075.0	190801.0	428422.0	7280447.0
	37	42	47	52	57	62	67	72	77	82	87	92	97	102	107	112	117	122	127	132	137	142	147	150
US0064_R2_paired	262701.0	332213.0	329528.0	312353.0	304971.0	293892.0	289752.0	284664.0	333776.0	167049.0	153815.0	175190.0	197426.0	210103.0	234453.0	264309.0	295666.0	339416.0	376322.0	409083.0	452572.0	471042.0	608643.0	2346809.0
	37	42	47	52	57	62	67	72	77	82	87	92	97	102	107	112	117	122	127	132	137	142	147	151
VT0027_R1_paired	13221.0	18308.0	15843.0	16616.0	17316.0	18398.0	20271.0	27412.0	46656.0	16822.0	18168.0	20142.0	22453.0	25586.0	29084.0	31884.0	36201.0	43371.0	49626.0	58113.0	65858.0	78688.0	106175.0	4102961.0
	37	42	47	52	57	62	67	72	77	82	87	92	97	102	107	112	117	122	127	132	137	142	147	151
VT0027_R2_paired	162488.0	202601.0	183091.0	166552.0	165639.0	149939.0	148698.0	146818.0	175939.0	90392.0	94301.0	104328.0	110762.0	124003.0	137234.0	156469.0	180424.0	201520.0	205689.0	225099.0	239852.0	224104.0	228186.0	1075045.0
	37	42	47	52	57	62	67	72	77	82	87	92	97	102	107	112	117	122	127	132	137	142	147	151
VT0030_R1_paired	15794.0	19782.0	19427.0	19990.0	21145.0	22012.0	24727.0	27437.0	34061.0	19909.0	22060.0	24518.0	27197.0	31026.0	34636.0	38138.0	42739.0	51186.0	58638.0	68066.0	77697.0	92784.0	124555.0	5278021.0
	37	42	47	52	57	62	67	72	77	82	87	92	97	102	107	112	117	122	127	132	137	142	147	151
VT0030_R2_paired	197790.0	243278.0	217633.0	197638.0	195056.0	174740.0	175373.0	173743.0	189311.0	101283.0	112569.0	124136.0	133851.0	149673.0	167458.0	191739.0	221158.0	252743.0	258756.0	286347.0	309277.0	291906.0	305043.0	1525044.0
	36	37	38	39	40	41	42	43	44	45	46	47	48	49	50	51	52	53	54	55	56	57	58	59	60	61	62	63	64	65	66	67	68	69	70	71	72	73	74	75
Z2-1_R1_paired	102716.0	120057.0	126373.0	128122.0	201938.0	124248.0	143329.0	150429.0	151663.0	237538.0	148754.0	173536.0	180989.0	187203.0	288379.0	182160.0	209167.0	215259.0	216401.0	330142.0	213388.0	239908.0	251948.0	254094.0	375116.0	250053.0	279068.0	288324.0	286764.0	415384.0	283771.0	314927.0	319921.0	317197.0	467438.0	312989.0	350171.0	375088.0	899998.0	13676466.0
	36	37	38	39	40	41	42	43	44	45	46	47	48	49	50	51	52	53	54	55	56	57	58	59	60	61	62	63	64	65	66	67	68	69	70	71	72	73	74	75
Z2-1_R2_paired	89610.0	102613.0	105576.0	106011.0	149445.0	107767.0	123992.0	126992.0	121486.0	171751.0	124499.0	143147.0	146071.0	147486.0	211489.0	148336.0	174998.0	178090.0	178384.0	239814.0	172943.0	201982.0	208848.0	208950.0	273676.0	203207.0	223738.0	229428.0	230908.0	317747.0	229458.0	259955.0	301605.0	257637.0	358913.0	270526.0	295668.0	314130.0	874021.0	15459519.0

